
 The toPandas() finished!
 🔄 Converting to categorical data...
 The convert to category finished!
 🚀 Starting OneHotEncoding transformation...
 The OneHotEncoding finished!
 ✅ onehot_df dataset shape: (322178, 7908)
 🔍 Finding highly correlated feature columns...
🔄 Label encoding all columns in onehot_df...
 🔍 Comparing columns for Hamming similarity...
 Representative columns = [0, 1, 2, 11, 41, 43, 44, 47, 48, 52, 59, 60, 67, 71, 135, 136, 165, 166, 167, 168, 171, 209, 213, 216, 259, 272, 289, 296, 297, 305, 333, 335, 342, 391, 399, 405, 408, 475, 496, 500, 722, 724, 760, 763, 773, 801, 847, 885, 932, 945, 960, 962, 1027, 1157, 1178, 1183, 1193, 1328, 1355, 1421, 1425, 1434, 1826, 1851, 1998, 2000, 2019, 2034, 2035, 2051, 2076, 2234, 2316, 2329, 2418, 2426, 2443, 2448, 2528, 2538, 2541, 2597, 2722, 2795, 2812, 3011, 3080, 3144, 3553, 3584, 3585, 3598, 3604, 3609, 3864, 4067, 4088, 4091, 4165, 4219, 4457, 4555, 4562, 4634, 5358, 5360, 5504, 5573, 5761, 6494, 6585, 6586, 6630, 6641, 6652, 6653, 6976, 6978, 6997, 7212, 7376]
 Not grouped columns = [2561, 6658, 3077, 3078, 1545, 3593, 3597, 14, 1552, 3972, 2578, 4628, 6677, 4630, 2583, 1560, 1561, 2073, 2584, 4119, 1565, 2077, 4631, 4636, 2081, 2082, 4484, 5502, 5660, 3622, 2599, 2093, 2094, 2607, 3630, 2613, 5173, 2103, 2104, 4152, 5174, 4155, 5176, 5177, 6709, 6720, 1602, 5698, 5700, 7235, 4166, 4167, 6726, 4169, 5194, 4178, 7547, 1109, 5207, 6233, 95, 5215, 97, 5220, 5223, 5225, 5226, 111, 7799, 4216, 5240, 635, 2171, 638, 5248, 2177, 1160, 1163, 140, 141, 4235, 1167, 1168, 5771, 2197, 1175, 2711, 4249, 1179, 1694, 1184, 6304, 6305, 1189, 1190, 4264, 1194, 1196, 4268, 4783, 1200, 1201, 4784, 4790, 4279, 4280, 2236, 4797, 4291, 4803, 4805, 5833, 7890, 2776, 5848, 4314, 2267, 5849, 7899, 2272, 738, 2786, 2788, 2789, 7398, 1256, 5353, 7401, 1259, 236, 237, 1771, 5870, 3824, 3825, 4852, 3832, 1785, 4856, 2303, 2304, 2818, 2307, 2308, 2823, 2315, 2318, 2319, 2830, 6932, 287, 6944, 5413, 294, 2854, 7462, 5656, 2352, 2354, 7478, 824, 7482, 315, 6678, 1860, 1349, 5446, 5447, 7494, 6985, 7495, 6987, 6988, 6989, 5455, 1360, 5456, 1363, 853, 855, 6488, 6491, 5477, 2918, 5478, 6501, 4458, 2415, 2416, 2417, 4463, 883, 2419, 1397, 7026, 7028, 889, 890, 7546, 1404, 3965, 894, 895, 384, 896, 897, 387, 1412, 1921, 3969, 1927, 3971, 1417, 1929, 1419, 2442, 2444, 398, 2446, 4487, 919, 3995, 3996, 413, 6560, 4001, 4002, 6561, 4004, 4005, 7074, 7075, 941, 947, 948, 6582, 7097, 3004, 2494, 4030, 4544, 4545, 5569, 5570, 4548, 4038, 5574, 5575, 5577, 5586, 7123, 6613, 1494, 2518, 6615, 2521, 2523, 988, 2524, 999, 4072, 1001, 1002, 4077, 2542, 7151, 7157]
 Final selected columns = [0, 1, 2, 11, 41, 43, 44, 47, 48, 52, 59, 60, 67, 71, 135, 136, 165, 166, 167, 168, 171, 209, 213, 216, 259, 272, 289, 296, 297, 305, 333, 335, 342, 391, 399, 405, 408, 475, 496, 500, 722, 724, 760, 763, 773, 801, 847, 885, 932, 945, 960, 962, 1027, 1157, 1178, 1183, 1193, 1328, 1355, 1421, 1425, 1434, 1826, 1851, 1998, 2000, 2019, 2034, 2035, 2051, 2076, 2234, 2316, 2329, 2418, 2426, 2443, 2448, 2528, 2538, 2541, 2597, 2722, 2795, 2812, 3011, 3080, 3144, 3553, 3584, 3585, 3598, 3604, 3609, 3864, 4067, 4088, 4091, 4165, 4219, 4457, 4555, 4562, 4634, 5358, 5360, 5504, 5573, 5761, 6494, 6585, 6586, 6630, 6641, 6652, 6653, 6976, 6978, 6997, 7212, 7376, 2561, 6658, 3077, 3078, 1545, 3593, 3597, 14, 1552, 3972, 2578, 4628, 6677, 4630, 2583, 1560, 1561, 2073, 2584, 4119, 1565, 2077, 4631, 4636, 2081, 2082, 4484, 5502, 5660, 3622, 2599, 2093, 2094, 2607, 3630, 2613, 5173, 2103, 2104, 4152, 5174, 4155, 5176, 5177, 6709, 6720, 1602, 5698, 5700, 7235, 4166, 4167, 6726, 4169, 5194, 4178, 7547, 1109, 5207, 6233, 95, 5215, 97, 5220, 5223, 5225, 5226, 111, 7799, 4216, 5240, 635, 2171, 638, 5248, 2177, 1160, 1163, 140, 141, 4235, 1167, 1168, 5771, 2197, 1175, 2711, 4249, 1179, 1694, 1184, 6304, 6305, 1189, 1190, 4264, 1194, 1196, 4268, 4783, 1200, 1201, 4784, 4790, 4279, 4280, 2236, 4797, 4291, 4803, 4805, 5833, 7890, 2776, 5848, 4314, 2267, 5849, 7899, 2272, 738, 2786, 2788, 2789, 7398, 1256, 5353, 7401, 1259, 236, 237, 1771, 5870, 3824, 3825, 4852, 3832, 1785, 4856, 2303, 2304, 2818, 2307, 2308, 2823, 2315, 2318, 2319, 2830, 6932, 287, 6944, 5413, 294, 2854, 7462, 5656, 2352, 2354, 7478, 824, 7482, 315, 6678, 1860, 1349, 5446, 5447, 7494, 6985, 7495, 6987, 6988, 6989, 5455, 1360, 5456, 1363, 853, 855, 6488, 6491, 5477, 2918, 5478, 6501, 4458, 2415, 2416, 2417, 4463, 883, 2419, 1397, 7026, 7028, 889, 890, 7546, 1404, 3965, 894, 895, 384, 896, 897, 387, 1412, 1921, 3969, 1927, 3971, 1417, 1929, 1419, 2442, 2444, 398, 2446, 4487, 919, 3995, 3996, 413, 6560, 4001, 4002, 6561, 4004, 4005, 7074, 7075, 941, 947, 948, 6582, 7097, 3004, 2494, 4030, 4544, 4545, 5569, 5570, 4548, 4038, 5574, 5575, 5577, 5586, 7123, 6613, 1494, 2518, 6615, 2521, 2523, 988, 2524, 999, 4072, 1001, 1002, 4077, 2542, 7151, 7157]
 ✅ Reduced features from 7908 to 388
 🔄 Re-applying PCA on reduced features...
 ✅ PCA complete.
 🔄 Converting non-selected Spark DataFrame to Pandas...
 ✅ Final dataset shape after concatenation: (322178, 197)
 ✅ Final dataset saved to: /storage/home/yqf5148/work/volvoPennState/data/dataset/final_features_with_pca.csv