Comparison of Random Number Generation Methods
============================================================
Index | random.randint | random.sample | random.uniform | numpy.random.randint
------------------------------------------------------------
    1 |         320954 |        132552 |        239591 |            282333
    2 |          72530 |         98824 |         71402 |            100609
    3 |         118279 |        146748 |        111430 |             63004
    4 |         110884 |        261586 |         97309 |             53078
    5 |         222855 |        182948 |        161258 |            285558
    6 |         303528 |        261952 |        260208 |             90178
    7 |         306493 |        312256 |         63753 |            131641
    8 |          30490 |        214136 |         88977 |            210357
    9 |         146018 |        224461 |        252979 |            107343
   10 |          37745 |        208700 |        169079 |             79957
   11 |         235826 |          7787 |        205594 |            186412
   12 |          43802 |        119054 |        289952 |            281533
   13 |          44278 |         47107 |        269934 |            105806
   14 |         130090 |        272298 |        229497 |            235759
   15 |         280934 |        240342 |          8879 |            143882
   16 |         195691 |        264121 |        113769 |            159762
   17 |         291217 |        283136 |         80289 |             55796
   18 |         101476 |        181332 |        257214 |             98975
   19 |          10342 |         40627 |        132984 |            118243
   20 |         239908 |        260859 |        301375 |            310259
   21 |         230643 |         71206 |         74951 |              1664
   22 |          68698 |        316742 |        134497 |             92078
   23 |          49038 |        134647 |         66537 |            158466
   24 |         321468 |        173733 |        224522 |            209578
   25 |         275372 |          8104 |         46785 |             23755
   26 |          15335 |        261091 |        261679 |            116980
   27 |         191699 |         13157 |        115023 |            310966
   28 |         307425 |        139088 |         41023 |            150111
   29 |         230275 |        268925 |         32189 |             98106
   30 |         243594 |         66776 |        243323 |            114099
   31 |         120066 |        312229 |        201336 |            220795
   32 |         115661 |         39486 |        301245 |            199647
   33 |         220756 |        137926 |        199601 |            266517
   34 |         210734 |         59980 |         39676 |            302225
   35 |         310514 |        219779 |        248159 |            265916
   36 |         105042 |        215101 |        282169 |            318151
   37 |         132472 |         26305 |        271620 |            299335
   38 |         213773 |         11903 |        127882 |            113880
   39 |          58704 |        239661 |        200735 |            302012
   40 |         119095 |        130672 |        193155 |            109230
   41 |          45101 |        233618 |        299169 |            321431
   42 |          71312 |         83349 |         93234 |            306547
   43 |          77761 |        166986 |        142191 |            109360
   44 |          60279 |        194602 |         27671 |             10865
   45 |         152615 |         85414 |        198978 |            107884
   46 |         226694 |        195187 |          3224 |            132208
   47 |          92000 |          6750 |        174894 |            192956
   48 |          14314 |        230216 |         11011 |            126816
   49 |          66271 |        137424 |        255594 |            154726
   50 |         188408 |        109628 |         18326 |            310886
   51 |         194385 |        298243 |        140978 |            239015
   52 |         292806 |         46501 |        139963 |            306487
   53 |         218808 |        296996 |        286477 |            215598
   54 |         300658 |        215506 |          1239 |            187299
   55 |          73292 |        298766 |         13392 |              2993
   56 |         305994 |        183839 |        140011 |             86110
   57 |         227854 |         51170 |         21930 |            109541
   58 |          50544 |         40242 |         78467 |            203438
   59 |         204492 |        130639 |        305054 |             26620
   60 |         154202 |         45999 |         36246 |             78912
   61 |         222234 |        183394 |         76063 |            231957
   62 |         147217 |        232599 |        267321 |             67224
   63 |         236479 |        207490 |        157347 |            235205
   64 |         156239 |        311449 |        298306 |            254113
   65 |          77060 |         46661 |        103258 |             41749
   66 |         184369 |         55025 |        192819 |             50267
   67 |         118098 |        285032 |         89244 |             67397
   68 |          30249 |           984 |        134311 |            229304
   69 |         187635 |         83678 |        277056 |             31739
   70 |         187788 |        173935 |        171288 |            254449
   71 |          26461 |         22544 |        116490 |            310854
   72 |          71988 |        239441 |        123496 |             37340
   73 |          12950 |        148108 |          1921 |            140933
   74 |         316291 |        111022 |         15741 |            233191
   75 |         231263 |        265795 |        119226 |            145495
   76 |          38437 |        162956 |        194884 |            109673
   77 |         253193 |        176665 |        315458 |             81316
   78 |         106719 |        259309 |          2277 |             94300
   79 |         144482 |         54686 |        132907 |            250438
   80 |          94110 |        216229 |        233872 |            111236
   81 |         303272 |        192807 |        196282 |            111221
   82 |         108288 |        229380 |        138617 |            243180
   83 |          10739 |         77281 |        119293 |             43157
   84 |         286742 |        304853 |         89935 |             70163
   85 |         151052 |        135033 |        255449 |            207490
   86 |          59822 |        221620 |        136793 |             10588
   87 |         128154 |        227463 |         76000 |            318913
   88 |         148592 |        156707 |        137358 |             16880
   89 |         230936 |        289867 |         72145 |            235894
   90 |          79974 |        186393 |         66964 |             83338
   91 |         233635 |          6347 |        181898 |            111461
   92 |           9837 |         19516 |        150016 |            307847
   93 |           9727 |        185368 |        267860 |             87535
   94 |         271596 |         18871 |        223680 |            258326
   95 |         312848 |        104524 |        215369 |            266872
   96 |         153167 |        267051 |        118615 |             74124
   97 |         186279 |        117508 |         23953 |            278644
   98 |         309626 |         65962 |         64018 |             77839
   99 |         250962 |        144237 |         57254 |             39086
  100 |         223564 |        247977 |        153739 |             65017
  101 |         163956 |         84893 |        175701 |            129968
  102 |          79397 |        299416 |        212828 |            250400
  103 |         126768 |        207874 |        168086 |            204919
  104 |         311214 |        130131 |        294876 |            194583
  105 |         160169 |         65820 |        264638 |             58104
  106 |         257809 |        241712 |        251314 |            280570
  107 |         274233 |        188785 |         32440 |            112600
  108 |         182747 |        187894 |        170450 |            243656
  109 |          85720 |         78122 |        314471 |            230420
  110 |         193143 |         33587 |        125134 |            296549
  111 |         164704 |        247006 |        147161 |            314996
  112 |         237909 |        303905 |        171652 |            319304
  113 |         309423 |        196763 |         33797 |            229015
  114 |         260478 |         23436 |        260891 |             14246
  115 |          64339 |        224492 |        105772 |            282019
  116 |         151116 |         75442 |        145509 |            208163
  117 |         316908 |        278949 |        149542 |             51363
  118 |         295981 |        250791 |         62332 |            105901
  119 |          60956 |        174135 |         62778 |            143349
  120 |         321197 |        128426 |        123498 |             62413
  121 |         298885 |        200103 |         14124 |            275452
  122 |          27021 |        266857 |        312951 |            167772
  123 |          95924 |        177694 |        235329 |             45635
  124 |          75804 |         59072 |        227659 |            127297
  125 |          22916 |        315813 |         91008 |             28966
  126 |         311893 |        214234 |         74419 |            237693
  127 |          12278 |        239140 |         26044 |            263174
  128 |           9580 |        180882 |        192055 |            120844
  129 |         261971 |        322118 |        115534 |            180521
  130 |         149706 |        109753 |         81224 |            319520
  131 |         285816 |        246815 |         59855 |            176249
  132 |          94966 |        276036 |        106075 |             39051
  133 |         164180 |        214105 |        288594 |            124562
  134 |          67650 |          1803 |        178089 |            282072
  135 |         247562 |         35772 |        312690 |             23172
  136 |          50356 |          1775 |        243274 |            164043
  137 |         158776 |        138524 |        139496 |            172930
  138 |         274916 |        308535 |        206894 |             70092
  139 |          42862 |        254185 |        308041 |            212771
  140 |           7264 |         23835 |         12401 |            256547
  141 |          58915 |          7429 |        249850 |             83315
  142 |         107169 |         79643 |        207772 |            191604
  143 |         219539 |        154695 |         96913 |            305478
  144 |         169001 |         66656 |        149980 |            300285
  145 |         285965 |        309632 |         57016 |            318685
  146 |          50621 |         55937 |        133904 |              6798
  147 |         255845 |        310300 |        211085 |            119920
  148 |         263233 |        140413 |        193173 |             24771
  149 |         309234 |        178818 |        279148 |             38499
  150 |         311733 |        292205 |         52148 |             82390
  151 |         186103 |        264959 |        254333 |             73621
  152 |         194637 |        194049 |        315727 |            321873
  153 |         176869 |        161575 |         96822 |            301887
  154 |         137969 |        264461 |        186032 |            271885
  155 |          89097 |        303879 |         97729 |            259803
  156 |          47184 |        225446 |        295101 |            182239
  157 |         102620 |        103255 |         21132 |            297579
  158 |          85014 |        102717 |        117022 |            185260
  159 |         311373 |        319470 |         42915 |            251766
  160 |          28168 |        111627 |        126492 |            146418
  161 |         214015 |        254689 |        124746 |            297138
  162 |          67679 |         51931 |        146177 |            307606
  163 |         121409 |         81511 |        287353 |            210643
  164 |         269047 |         10170 |        211697 |             26108
  165 |         210841 |        156778 |        193717 |            131772
  166 |         311508 |        148180 |        185734 |            188598
  167 |         198933 |         93792 |        220750 |             31226
  168 |          64230 |         37416 |        172256 |            177514
  169 |          23975 |        107838 |        170033 |            287754
  170 |          36184 |        182266 |         11312 |            163130
  171 |          59451 |        186874 |         93901 |             80312
  172 |         316999 |          6254 |         66259 |               988
  173 |         138258 |         20997 |        184495 |            169207
  174 |         261886 |        288632 |         94068 |            161646
  175 |         192404 |         48236 |         67908 |            183002
  176 |         155506 |         41359 |        314730 |            239511
  177 |         214822 |         53729 |        132541 |            267096
  178 |           2126 |        236253 |        134493 |            257958
  179 |         117798 |        250037 |        162535 |            248963
  180 |         180597 |          1860 |        301586 |            202609
  181 |         205124 |        290094 |        236298 |             83000
  182 |         284976 |        154507 |         91520 |             91652
  183 |         224353 |        138382 |         91344 |            186983
  184 |         178735 |         99244 |         44772 |            303924
  185 |           4693 |         48648 |        178346 |             86247
  186 |          65031 |        186704 |         43007 |             17076
  187 |         231806 |         68213 |        157630 |            143880
  188 |          63147 |        103897 |        294563 |            233255
  189 |         314669 |        228581 |        198901 |            249185
  190 |         247366 |          4250 |        318788 |            198098
  191 |         128859 |         19662 |        135319 |            279774
  192 |         278532 |         93165 |        147102 |            229340
  193 |         315397 |        219921 |        164065 |            222950
  194 |         113922 |        267743 |         71234 |              9357
  195 |          96552 |          3411 |        223294 |            309453
  196 |         266855 |        176378 |        306911 |             55141
  197 |         249105 |        127996 |        127538 |            252953
  198 |         151362 |        197878 |         24052 |            228689
  199 |         241847 |        300785 |         55603 |             29479
  200 |         252759 |        184870 |         19481 |            181422
  201 |         234347 |          7134 |        193294 |            277404
  202 |          85857 |        219318 |        289969 |              7940
  203 |          92614 |         26676 |        273545 |            206463
  204 |          97360 |        258242 |        251699 |             67141
  205 |          16118 |        120578 |        175834 |            256562
  206 |         117631 |         62384 |        213037 |            244075
  207 |         289335 |        218360 |        239691 |            270242
  208 |         218297 |        272899 |        266323 |            141867
  209 |          78730 |        130967 |        244256 |             76937
  210 |          36360 |        170769 |        176849 |             57298
  211 |           1505 |         44062 |         56263 |             36507
  212 |         298370 |         70085 |        312099 |              8106
  213 |           6539 |         73986 |        292540 |            252958
  214 |         125149 |        179328 |         18141 |            290143
  215 |         300100 |        310091 |        126104 |            295059
  216 |         160552 |        287527 |        101704 |            265048
  217 |         256192 |        302348 |        156160 |            294405
  218 |         261911 |        114151 |         85027 |            223460
  219 |         178434 |        231211 |        122714 |            185831
  220 |         202756 |        295395 |        296262 |            261445
  221 |          13043 |        175014 |        223300 |             84458
  222 |           6497 |        233809 |        302912 |            319436
  223 |         249370 |        195616 |        108285 |             59031
  224 |           8208 |        169075 |        172479 |             79204
  225 |         114761 |        130203 |        113909 |            111358
  226 |          82790 |         16142 |         51339 |            291428
  227 |          68229 |        273842 |        177046 |             81445
  228 |         235525 |        209684 |        280395 |            309469
  229 |          20815 |        297366 |        151762 |            102839
  230 |         187537 |        247751 |        157063 |            275144
  231 |         109295 |        140653 |        177117 |            129138
  232 |         283183 |        239668 |        222164 |             28551
  233 |           6754 |        298080 |        212933 |             82284
  234 |         105529 |          2466 |         42335 |            282987
  235 |         298381 |        244213 |        132201 |            253668
  236 |         282944 |        174222 |        145752 |             86748
  237 |         152229 |        114888 |        190643 |             36580
  238 |         319068 |         85526 |        129071 |            207432
  239 |          81347 |        119341 |         22115 |             11058
  240 |         252442 |        245256 |        241929 |            116570
  241 |         302972 |         68274 |           980 |             97676
  242 |         172957 |         75737 |         94551 |            280629
  243 |         234131 |         42893 |         78070 |            256248
  244 |          46613 |        122780 |          5438 |            115878
  245 |         298043 |         38458 |        249718 |            163674
  246 |         117009 |         59739 |        213907 |              9730
  247 |          45190 |         72601 |         49408 |            120863
  248 |          94166 |         64185 |         53893 |            141975
  249 |         276822 |        189820 |        113638 |            204885
  250 |         121904 |        143271 |        229147 |             41049
  251 |         314110 |        192401 |         21450 |            173506
  252 |          23496 |        246662 |        184446 |            128380
  253 |         188791 |        267518 |        233870 |            243657
  254 |         301536 |        103313 |         64303 |             97661
  255 |         179089 |        214467 |         21864 |             74471
  256 |         281847 |        133463 |        161468 |             30578
  257 |         310834 |        306366 |        239482 |            189983
  258 |          23216 |        165590 |         43559 |            164213
  259 |         240274 |        267489 |         94717 |            157913
  260 |          90607 |        183307 |         46073 |             52772
  261 |         141822 |        106381 |        131100 |             55582
  262 |          37285 |        286957 |        129727 |            241768
  263 |          83874 |         56857 |         34830 |             94491
  264 |         318589 |         80806 |        167650 |             57377
  265 |         258025 |        166690 |         95127 |             33068
  266 |         157059 |         85987 |        250744 |            314098
  267 |         193279 |         59951 |         41190 |             25107
  268 |         295166 |        157047 |        147050 |            234130
  269 |           9120 |         84768 |        138374 |            223291
  270 |         271198 |        283660 |         10753 |            126352
  271 |          63512 |         73656 |         68847 |            152974
  272 |         163373 |         22858 |        273216 |             79125
  273 |         321643 |        225672 |        187632 |            221107
  274 |         303942 |        214660 |         44016 |            299815
  275 |         245930 |        320554 |         16259 |             92263
  276 |          33734 |        247598 |        172704 |            195974
  277 |          35460 |        213157 |        203743 |             17984
  278 |         228968 |        284402 |        204897 |            119267
  279 |         214945 |         43645 |        186085 |            218714
  280 |          46330 |         24780 |         87194 |            191382
  281 |         290471 |        137122 |        312949 |             63192
  282 |         172196 |        285633 |        239635 |             93046
  283 |         118421 |        119467 |        124347 |             68533
  284 |         299227 |        222105 |        198641 |            116129
  285 |         126928 |        274157 |         51446 |             68090
  286 |         228617 |        223160 |         37682 |             40173
  287 |         111633 |        254131 |        110495 |            121717
  288 |         209692 |        144437 |         14944 |             39749
  289 |         132116 |        287308 |        179100 |            313713
  290 |         186501 |        248736 |        293873 |            262347
  291 |         230926 |         67778 |        226766 |            321685
  292 |          27883 |         55500 |        267799 |            125431
  293 |          43804 |        117519 |        117664 |            228196
  294 |         154486 |        293401 |        115795 |            216645
  295 |         143599 |        277712 |         88225 |            192767
  296 |         273323 |        192066 |         83481 |             87345
  297 |          70773 |          4295 |        130904 |            281648
  298 |         174481 |         35947 |        227023 |            110334
  299 |          85733 |        109287 |        305571 |            110310
  300 |         127433 |        139497 |         98602 |             47466
  301 |         220544 |        248001 |        274256 |             38766
  302 |         269685 |         51605 |        107033 |              4864
  303 |          83034 |        158753 |        269293 |             68922
  304 |         303422 |         97408 |        231862 |             72527
  305 |          88045 |        250939 |        231443 |            289579
  306 |         217708 |        110692 |        312308 |             38997
  307 |         106564 |        130294 |        208571 |            141545
  308 |         105985 |         76936 |        170877 |            108123
  309 |          51294 |        210511 |        281024 |             43457
  310 |         281210 |        257126 |         31628 |            238965
  311 |         270380 |        304880 |        167207 |            114246
  312 |         219695 |        243926 |        113779 |            212279
  313 |         291045 |        265283 |         76098 |            152123
  314 |         261695 |         16048 |        156012 |             81015
  315 |          23598 |        193542 |         34141 |            236917
  316 |          69670 |        315460 |         41548 |            172541
  317 |         206780 |        259975 |        307441 |            277052
  318 |          78361 |        239870 |         91975 |            288876
  319 |         299764 |        240688 |          1270 |            222675
  320 |          64295 |        154552 |        310900 |            101281
  321 |         286256 |        216579 |          3071 |            142861
  322 |         109884 |        312951 |        108906 |             69104
  323 |           5685 |        261161 |        137017 |            291638
  324 |          49832 |        279100 |         82063 |            241362
  325 |         133994 |        230247 |        170574 |            222871
  326 |         152311 |        220255 |        121578 |            167407
  327 |         290258 |        236995 |         80193 |            215944
  328 |         223757 |        243217 |        105628 |            141487
  329 |          56056 |        264417 |           812 |            134104
  330 |          96537 |         49268 |         32145 |            228783
  331 |         316342 |         92244 |        186865 |             68220
  332 |         288930 |        110225 |         40286 |             15305
  333 |         175475 |        273604 |        121861 |            300724
  334 |         208291 |         94046 |          3615 |            148301
  335 |         203380 |        125871 |        164296 |             29154
  336 |         239251 |        199449 |         29349 |             35509
  337 |         187747 |        304246 |        141921 |             79759
  338 |         252760 |         63936 |        267369 |            160883
  339 |         192309 |        306455 |        253099 |            168674
  340 |         132371 |        248849 |        219432 |            261374
  341 |         117529 |        118658 |        265770 |            116461
  342 |         263547 |        162161 |        218299 |             48245
  343 |          56340 |        301740 |        255028 |             13748
  344 |         181819 |        308417 |        270534 |            155848
  345 |          82441 |         31989 |         49677 |             85821
  346 |         185507 |        246295 |         31745 |            219253
  347 |         141962 |        298026 |        129076 |            268783
  348 |          26792 |        171541 |        305962 |            208282
  349 |          80244 |        107485 |        285286 |             74642
  350 |         207207 |        254418 |         39361 |            132442
  351 |          31070 |        258881 |        111578 |            127017
  352 |         136441 |         31125 |        283146 |            150232
  353 |         248219 |         63428 |         97025 |            187968
  354 |         309574 |        286530 |        253560 |              7525
  355 |         297601 |         87134 |         72816 |             24257
  356 |          72604 |        314737 |        167887 |            115930
  357 |         306968 |        279967 |         42958 |            225918
  358 |         229811 |        172752 |        261569 |            106061
  359 |         304454 |        307079 |        299353 |             65000
  360 |          87621 |        300477 |         79389 |            300379
  361 |         128576 |         30583 |        201923 |            176155
  362 |          55931 |        237366 |        292422 |            130016
  363 |         164510 |        107893 |         41411 |            277297
  364 |         190546 |        153008 |         33905 |            201357
  365 |          24875 |        221039 |        248679 |            255860
  366 |         170759 |        174841 |        161648 |            159417
  367 |         149681 |        238229 |        245659 |            201177
  368 |         114425 |        230839 |        135675 |            143261
  369 |          51673 |        119708 |        122386 |             97368
  370 |          34166 |        270972 |        151185 |            249719
  371 |          67780 |        120335 |        172850 |            306107
  372 |         223012 |        157335 |        147985 |            299743
  373 |          57195 |        260201 |         23506 |            268866
  374 |          62119 |        267813 |        172299 |            220709
  375 |         177856 |        270559 |         35346 |            257507
  376 |          90162 |         46233 |        245077 |            187443
  377 |         104345 |        178643 |         33647 |             33201
  378 |         257159 |        186380 |        105485 |              2397
  379 |          61318 |        303199 |        149781 |            160157
  380 |          87314 |        278637 |        108901 |            257424
  381 |         235650 |         88243 |        211035 |            221944
  382 |          61477 |        165184 |        129909 |             51827
  383 |         246018 |        290742 |         99874 |            102786
  384 |          94172 |        155280 |        307083 |             36607
  385 |          21369 |        198622 |        167402 |            260447
  386 |         217424 |         37254 |         77177 |             96019
  387 |         246733 |         90118 |        129481 |             22697
  388 |         139666 |         21129 |        261222 |            275788
  389 |         314876 |         94893 |        131881 |            215683
  390 |         248681 |         95272 |        112334 |            142706
  391 |          70761 |        220667 |         39231 |            101678
  392 |          22782 |        288986 |        160654 |             55138
  393 |           6492 |        152665 |        156762 |             79020
  394 |          80039 |         46969 |        222698 |            122761
  395 |         198791 |        284973 |         61927 |              9483
  396 |         218620 |         65637 |        252711 |            185542
  397 |         297739 |        141018 |         61217 |             27467
  398 |         155083 |         76248 |          7408 |            156344
  399 |         287044 |        122923 |         10112 |            321974
  400 |         129606 |        279897 |         71213 |            117338
  401 |         294940 |        150482 |        288186 |            129674
  402 |          43253 |        255974 |        257189 |             11191
  403 |         257967 |        225723 |        202547 |            310017
  404 |         112517 |        300873 |        131222 |            263713
  405 |         161426 |        168734 |        112411 |             35777
  406 |         302562 |           164 |         90324 |             64418
  407 |         123463 |        313799 |        272639 |            247091
  408 |         159422 |         43875 |        157042 |            100095
  409 |         319172 |        192189 |        135784 |            164254
  410 |          34065 |        297857 |        197469 |             42007
  411 |         262328 |        152336 |        123190 |             21682
  412 |          69981 |        255739 |        296506 |             35319
  413 |         178819 |        236565 |        115548 |             20070
  414 |         251210 |        191020 |         68089 |             97682
  415 |         107695 |        109916 |         38013 |            171936
  416 |         228585 |        314303 |          9676 |            129242
  417 |          38225 |        170054 |        268747 |             91270
  418 |         279565 |        253188 |        233736 |            109123
  419 |         260222 |        121628 |        289150 |            321395
  420 |         180805 |        238043 |        230095 |            245172
  421 |         165176 |        179718 |        258082 |            312005
  422 |         106258 |        272408 |        157577 |            316144
  423 |          28302 |        204001 |         64034 |             10744
  424 |         154340 |         62873 |        263793 |            185369
  425 |         169344 |        172717 |        221300 |             96195
  426 |          59861 |        209892 |         27479 |            167308
  427 |         276515 |        158173 |        156367 |            108906
  428 |         247295 |        288296 |         96063 |            253135
  429 |          88930 |        307991 |         17921 |            262184
  430 |         269442 |        163051 |        319423 |            205689
  431 |         298624 |         89611 |        145050 |            107966
  432 |         216551 |        228521 |         81789 |            140769
  433 |          71633 |         85082 |        318570 |            178193
  434 |          16862 |        298221 |        105197 |            169766
  435 |          39232 |        294973 |        295349 |             49286
  436 |          74173 |        216027 |        155155 |            222901
  437 |         216515 |        283574 |        105535 |             56788
  438 |         171273 |        210206 |        276944 |            211547
  439 |         282705 |        212210 |        211941 |            217499
  440 |         237501 |        172719 |         98006 |            274451
  441 |         305949 |        113884 |        244007 |             38046
  442 |         231508 |        100433 |         74313 |            300274
  443 |         273560 |         59280 |         91793 |             38330
  444 |         106585 |         85810 |         39982 |            301619
  445 |         317778 |        137875 |        256395 |            209216
  446 |         107978 |        158504 |        136492 |            162556
  447 |         139993 |        175220 |        143638 |             22555
  448 |          82358 |         83896 |        103295 |            193884
  449 |         225831 |         11424 |         17162 |            180444
  450 |         112662 |        143724 |          2905 |              9276
  451 |          27424 |        230005 |         40874 |            192864
  452 |         134809 |        271713 |        286827 |            115302
  453 |          33322 |        252913 |         87520 |            228416
  454 |         226255 |         97316 |        164546 |             40706
  455 |         139900 |         66293 |        117101 |            198170
  456 |         237636 |        278215 |          7392 |            206796
  457 |         292864 |        219091 |        242960 |             12400
  458 |         183958 |        272815 |        302243 |            140741
  459 |         315145 |          4829 |         44790 |            317096
  460 |         133611 |         26772 |        172621 |            134689
  461 |         289801 |        245709 |        139630 |              4529
  462 |         277520 |         82729 |        141477 |            155662
  463 |          42447 |        208251 |          5226 |            155702
  464 |         144740 |        318796 |        268214 |            143938
  465 |         308122 |        304290 |        131523 |            184454
  466 |         132463 |        265533 |        183638 |            112185
  467 |         299397 |        248793 |         83644 |            244658
  468 |         244145 |         66703 |        163593 |             33445
  469 |          80062 |         76074 |        149832 |             79419
  470 |         154485 |        256188 |        264668 |            284378
  471 |          99252 |        120695 |        137391 |            284185
  472 |         252675 |        288598 |         36210 |            247761
  473 |         134772 |        255503 |        128010 |             71975
  474 |         287499 |        247889 |         27338 |            191179
  475 |         149431 |        200433 |        167923 |             62689
  476 |         106107 |        133832 |        141752 |            183337
  477 |         245331 |        263330 |        168867 |            320431
  478 |         132053 |        308898 |        127055 |            168556
  479 |         220300 |        143933 |         89606 |            239799
  480 |         177008 |         96002 |        246321 |            102991
  481 |         119970 |        255778 |        251430 |             18753
  482 |          60516 |        269752 |         50160 |            114811
  483 |         109784 |        184809 |        112737 |            235142
  484 |         172783 |        112713 |         93627 |            245945
  485 |         146680 |        220147 |        213385 |            136300
  486 |         114006 |         21572 |        278042 |            114593
  487 |           3626 |         81694 |          4443 |             94524
  488 |          16556 |         34229 |        313185 |            127391
  489 |          19964 |        268453 |         42751 |             72348
  490 |          67464 |        284753 |        129850 |            300793
  491 |          78035 |        131965 |        179078 |             15764
  492 |         126844 |        243950 |        189887 |            287789
  493 |         150487 |          9367 |        185283 |            207523
  494 |         113327 |         27364 |        148359 |             66691
  495 |          73573 |        214578 |        131189 |            255327
  496 |           6824 |         98504 |        310503 |            129504
  497 |         177655 |        136912 |        198073 |             21190
  498 |         276524 |        221879 |         53941 |             64506
  499 |          88734 |        175875 |        191660 |            308688
  500 |          81798 |         76638 |        234213 |            110396
  501 |          86471 |         72526 |         97508 |             57875
  502 |         179223 |         51071 |        221553 |            221585
  503 |          62869 |         42574 |        198489 |            135561
  504 |         184951 |        250025 |         78962 |            137140
  505 |          97607 |        221872 |        243983 |            270795
  506 |         288984 |        231334 |        210953 |             55726
  507 |          15604 |        178415 |        312580 |             43758
  508 |         228647 |        312534 |        128893 |            250889
  509 |         295001 |         25791 |         60459 |            225811
  510 |          60023 |         34527 |        203567 |             10427
  511 |         137205 |        143792 |         17100 |             21248
  512 |         211713 |         71737 |        253646 |             40714
  513 |          87367 |        314670 |        112603 |            272209
  514 |          16864 |         30807 |        124482 |            277658
  515 |          63985 |         81261 |         77118 |            268306
  516 |          24428 |        317947 |         14013 |             56554
  517 |         203900 |         19226 |        110884 |            101193
  518 |         175578 |         75825 |        115464 |            146280
  519 |         276111 |        176780 |         68621 |             84247
  520 |          67814 |        150212 |        248516 |            267487
  521 |          68567 |         83901 |         80305 |            220378
  522 |          98385 |         38652 |         26707 |            201735
  523 |          28166 |         63426 |         31437 |             56313
  524 |         118397 |         40385 |        242368 |            223490
  525 |         173163 |        243990 |        160685 |            281783
  526 |         278625 |         38563 |        175401 |            131905
  527 |         123366 |         70206 |        212271 |              1344
  528 |         165438 |        239315 |        189287 |            218205
  529 |          33253 |        285218 |         16218 |            196842
  530 |         305355 |        311673 |        294593 |            164932
  531 |         170810 |        201345 |        146365 |             51861
  532 |         154999 |         20140 |         41654 |            190149
  533 |         309672 |        138180 |        313345 |            139639
  534 |          71581 |        179234 |         39568 |            251166
  535 |         169315 |        310405 |        158832 |             21938
  536 |         301286 |        253623 |        262050 |             43114
  537 |         142078 |         30196 |        270912 |             67365
  538 |         178684 |        243744 |         28708 |             40709
  539 |         185528 |        244030 |         73660 |             36621
  540 |          17404 |         47577 |        149081 |            207706
  541 |         275335 |        141536 |        189536 |            205317
  542 |         256373 |        111650 |        152228 |            155109
  543 |         101409 |         15426 |        128938 |            297596
  544 |          45070 |         44774 |         55814 |            308110
  545 |         170320 |        233326 |        309295 |             85922
  546 |         259599 |         68974 |        279143 |            286795
  547 |         160859 |        207163 |        232757 |            191520
  548 |          27843 |         81207 |        320622 |            174548
  549 |         103625 |        136435 |        109569 |            119550
  550 |         183462 |        162139 |         57805 |            302479
  551 |          87237 |        117379 |         98513 |            305148
  552 |         114015 |        160251 |         48225 |            289143
  553 |         302313 |        273500 |        290809 |             98752
  554 |         133717 |        289022 |        255835 |             53800
  555 |         167012 |         18564 |         77381 |            304780
  556 |         180150 |        164100 |        298901 |            313447
  557 |         168621 |         22566 |        274693 |            178084
  558 |          61274 |        151579 |         40237 |            119058
  559 |          53596 |        175776 |        253817 |            189130
  560 |         141603 |        191591 |         18135 |            137912
  561 |         191712 |        153807 |        236952 |              4947
  562 |         102097 |        115168 |        209237 |            154649
  563 |         208587 |        137681 |        126085 |            189289
  564 |         247813 |        198364 |        245421 |              1426
  565 |          69033 |        276975 |        122725 |            259223
  566 |         278212 |         95189 |        179651 |             22614
  567 |         107408 |        129355 |         30334 |             36115
  568 |          70030 |        229651 |        234484 |            319710
  569 |         117178 |        224870 |        223023 |             71694
  570 |          24661 |         34424 |        178949 |             73641
  571 |         226145 |        311971 |         96066 |            240055
  572 |         235554 |         51192 |        175605 |            302045
  573 |          78266 |         37467 |        222269 |            227347
  574 |         184585 |        227701 |        167880 |             82612
  575 |         321531 |        298221 |        228348 |            118503
  576 |         161414 |         94974 |         15661 |            157250
  577 |         287830 |        158479 |        314424 |            167596
  578 |         314519 |        144807 |          2315 |             32909
  579 |         322046 |        216514 |        136179 |             13439
  580 |         120440 |        251545 |         69236 |             36485
  581 |         209203 |         42897 |        169848 |             56316
  582 |          14790 |        257473 |        155945 |            227471
  583 |         187787 |        288313 |        188644 |            307760
  584 |         142087 |        313850 |         81928 |            194698
  585 |         194234 |        123941 |        237613 |            158550
  586 |         103941 |        268572 |        251932 |             91696
  587 |         243979 |        279445 |         72006 |            321600
  588 |         308589 |         36709 |        240201 |             64183
  589 |         137499 |        267786 |         71497 |             61541
  590 |         220875 |        134902 |        134103 |            293714
  591 |         248769 |        241921 |        123643 |            284215
  592 |         292240 |         15884 |        300479 |            140128
  593 |          45831 |        207384 |        291197 |               524
  594 |         321951 |        111923 |        242669 |            112248
  595 |         276069 |         32562 |         97744 |             96101
  596 |         283146 |        168346 |         70396 |            223355
  597 |         288695 |        298305 |        261848 |            221670
  598 |         156561 |        267544 |        258788 |             88883
  599 |          49057 |        290887 |        297392 |            243536
  600 |         210319 |         44550 |        280422 |            265701
  601 |          15286 |        261799 |        277947 |            281583
  602 |         200487 |        262297 |        165140 |            296855
  603 |         263304 |        176090 |        289238 |            109458
  604 |         207727 |        154141 |         83922 |             12124
  605 |         214163 |        120880 |        267796 |            165601
  606 |          15604 |        322105 |        298916 |            227220
  607 |         152855 |         75601 |        283416 |            145404
  608 |         131693 |        237758 |        144458 |            291555
  609 |         148364 |        173215 |        185003 |            124416
  610 |         137707 |        197443 |        221598 |            166417
  611 |         216498 |        161490 |        178585 |             37342
  612 |         298873 |        228776 |        176715 |             22998
  613 |         252891 |        277210 |        228728 |            242975
  614 |         303453 |        171705 |        220521 |            274663
  615 |          94519 |        170181 |         97610 |            283750
  616 |         300282 |        171803 |        140840 |            113191
  617 |         125922 |        161094 |        197752 |            232969
  618 |         298343 |         15759 |          8359 |            237499
  619 |         173910 |          3224 |         53164 |            172349
  620 |         226506 |        130233 |          3081 |            123675
  621 |         100318 |        285052 |        222554 |            240883
  622 |         141520 |        104702 |         80472 |            223086
  623 |         210918 |         57459 |        284661 |            265566
  624 |         225677 |        276090 |         55872 |            108717
  625 |         158137 |        210554 |        188232 |             89681
  626 |          24799 |        136610 |        100779 |            199168
  627 |         276184 |        200567 |         90042 |            127626
  628 |         306383 |        279948 |        209356 |            320722
  629 |         277652 |        275368 |        166834 |              1107
  630 |         177548 |        138856 |        299339 |            142844
  631 |         296300 |         49944 |        220051 |            131406
  632 |         266039 |        232456 |        142948 |             93305
  633 |         180736 |         50367 |        287567 |               719
  634 |         232442 |        318355 |        247220 |             22580
  635 |         167543 |          1099 |        203129 |            320177
  636 |          37509 |         33243 |        288144 |            200126
  637 |          81289 |        243754 |        167001 |            280509
  638 |         103218 |        239770 |        104523 |            197959
  639 |         260449 |        127885 |        232426 |             58074
  640 |         238734 |         39594 |        112050 |            300947
  641 |         186669 |        138891 |        119558 |            134505
  642 |         275561 |        226376 |         24337 |            322162
  643 |          28024 |        181451 |         48907 |            238954
  644 |          12808 |        272285 |        219603 |            279747
  645 |         267963 |        256756 |        183154 |            212906
  646 |           8429 |        173287 |        280833 |             18360
  647 |         147008 |        268708 |        248048 |             12806
  648 |         255431 |        122188 |         70967 |             68572
  649 |         307723 |         24793 |        292263 |            216346
  650 |         319157 |        125442 |         43216 |            156660
  651 |          46332 |        197331 |        187643 |            180578
  652 |         218736 |        160532 |        147110 |            277728
  653 |          19664 |         36418 |        286330 |            303266
  654 |         215944 |        172274 |         67925 |            293629
  655 |          65546 |        157734 |        150413 |            253391
  656 |         258774 |         16844 |         51341 |             87218
  657 |          95202 |         91347 |         30329 |             97563
  658 |          91328 |        165003 |         74912 |            148657
  659 |         223822 |        279498 |         88087 |            319954
  660 |         302208 |        303476 |        195872 |            127182
  661 |          69769 |        183292 |        292730 |            167345
  662 |         174986 |          3348 |        277675 |             82611
  663 |         283607 |        264568 |        210448 |            238147
  664 |         257500 |         51716 |        318534 |             52585
  665 |           2160 |        238865 |          8890 |             73516
  666 |          72218 |         38141 |        164159 |              5971
  667 |         117385 |         62725 |         97445 |            114698
  668 |          26527 |         43990 |        116991 |             15411
  669 |           8395 |        243663 |         87277 |            245116
  670 |          94944 |        157017 |         32513 |            125862
  671 |         233993 |        265592 |        146295 |            291772
  672 |          48879 |        253543 |        241458 |            230009
  673 |          53714 |         39695 |        299535 |            319011
  674 |          48607 |        237879 |        171883 |            190347
  675 |         205410 |        114234 |        319296 |             73459
  676 |          71079 |         96262 |         93877 |            302712
  677 |          48837 |        158674 |        144710 |            259968
  678 |         212219 |         70857 |        126415 |            162697
  679 |         189101 |        271518 |        321353 |              9315
  680 |         263948 |        300833 |        218577 |             20113
  681 |         173327 |         21918 |         43241 |              7895
  682 |           6662 |        229517 |        162472 |            188782
  683 |         229468 |        292716 |         12815 |            136253
  684 |          72984 |        222022 |        237234 |            319712
  685 |         296448 |        201199 |        284562 |            151832
  686 |         126444 |        247458 |        303402 |            320148
  687 |         186416 |        100256 |        265253 |            171980
  688 |         144826 |        158209 |        218759 |            236150
  689 |         265965 |        302092 |        143647 |            158846
  690 |          48686 |        293448 |        117350 |             84028
  691 |          89160 |        156471 |         73966 |            320950
  692 |         114238 |        312412 |        243061 |            270732
  693 |         139754 |        139144 |        208569 |            239731
  694 |          81948 |           325 |        208859 |             31639
  695 |         318234 |        241479 |         93310 |             85060
  696 |         211897 |        160353 |         14321 |            221871
  697 |         124409 |        193993 |        305132 |            232875
  698 |          91556 |        254182 |        224219 |            143305
  699 |         203001 |        274794 |        121965 |            303477
  700 |           5548 |        183556 |        311149 |            271952
  701 |          46071 |        220899 |        114450 |             15362
  702 |          72081 |        224447 |        104906 |            240738
  703 |         183781 |         30918 |        289580 |            258468
  704 |         308550 |        167182 |        269436 |            127112
  705 |          68718 |        301779 |        204131 |            183014
  706 |         321436 |         76319 |        226611 |             56281
  707 |         247016 |         86641 |        314023 |             26895
  708 |         122858 |        272706 |         12777 |            138711
  709 |          34272 |         33372 |        229737 |            276551
  710 |          81267 |        107342 |          6763 |             43634
  711 |         191091 |        275566 |        179050 |            176834
  712 |         277113 |        244667 |        245330 |            308436
  713 |         188623 |        145746 |         53856 |            177764
  714 |         103187 |          1448 |        294110 |            246409
  715 |         174966 |        297160 |        208580 |            285293
  716 |         148109 |        238667 |        139796 |             56478
  717 |         109684 |         52022 |        316794 |            264877
  718 |         245504 |        309919 |        144402 |             81938
  719 |          93260 |        305339 |         12560 |            134370
  720 |          36990 |         64897 |        170901 |             27894
  721 |          29118 |        308195 |        101504 |            173835
  722 |          32237 |         14225 |        139865 |            219374
  723 |         287783 |        134382 |         29531 |            296458
  724 |         146601 |        218262 |        321229 |            234334
  725 |          39204 |         92289 |         82447 |            315930
  726 |         319449 |        155547 |        287216 |            168668
  727 |         139266 |        317509 |          7733 |             21348
  728 |         296781 |        109839 |        191769 |             78957
  729 |         262029 |         46885 |        228205 |            230684
  730 |         205532 |        200628 |        174208 |             49982
  731 |          14522 |        150898 |        310291 |             51386
  732 |         170434 |         48675 |        203906 |            315030
  733 |         230109 |        164144 |         39278 |            303424
  734 |         306879 |         20371 |        136158 |            309013
  735 |          25519 |         98287 |        264523 |             33815
  736 |          96711 |        101392 |         38827 |             61482
  737 |         114189 |        252828 |        178040 |            188545
  738 |          53786 |         12970 |        253753 |             51534
  739 |         131365 |        317881 |         63267 |            318774
  740 |         232623 |        289913 |        289542 |            241214
  741 |         263888 |         71752 |        247547 |            233903
  742 |         261703 |        276176 |        134220 |             62317
  743 |         105378 |        190801 |        256524 |               592
  744 |         168934 |        251683 |        216658 |             12053
  745 |         282404 |        318971 |        309690 |            135056
  746 |         259544 |         64190 |        305074 |            280169
  747 |         281911 |        157898 |         17917 |            208634
  748 |         122119 |        105278 |        185382 |             51245
  749 |         289148 |        128132 |        304951 |             44742
  750 |         184899 |        195834 |        242514 |             22857
  751 |          53713 |         37416 |         46930 |             58599
  752 |         240929 |          9879 |        229877 |             21952
  753 |         316749 |        254148 |        157576 |             51785
  754 |          87812 |        315978 |        148584 |             59058
  755 |         269403 |        107516 |        219198 |            102515
  756 |          90078 |         24036 |         33363 |            224924
  757 |          82779 |        296276 |          5838 |            303461
  758 |         170096 |        222188 |         90811 |            270246
  759 |          70701 |        135807 |         27814 |            255621
  760 |         224983 |        120609 |        140065 |            259963
  761 |         230540 |        258527 |         16267 |             81169
  762 |          64702 |        246763 |        153988 |             42958
  763 |           7298 |        218017 |        247887 |            255291
  764 |         216896 |        169062 |        225770 |             39124
  765 |         168969 |        250786 |        118116 |             70800
  766 |         297438 |         44364 |         13903 |            157201
  767 |         172004 |          6980 |        205167 |             46691
  768 |          21236 |        112891 |        174788 |            317105
  769 |         142511 |          5062 |        274675 |            186236
  770 |         187907 |         37975 |        163809 |            217196
  771 |         245591 |        238442 |        264013 |            162537
  772 |         295324 |        263275 |        228760 |            215273
  773 |          19142 |         35210 |        135811 |            155530
  774 |         261909 |        168357 |        162794 |            284437
  775 |         204086 |        279798 |        232065 |            182402
  776 |         202390 |         17206 |        130649 |            106740
  777 |         131373 |        214753 |        234554 |             20083
  778 |         170336 |        138006 |          3662 |            245181
  779 |         299913 |        247600 |         41346 |            187480
  780 |         158883 |        192131 |        239882 |             38108
  781 |          82407 |        211210 |         57409 |            169672
  782 |         282329 |         93120 |         75403 |            195955
  783 |         248868 |         86606 |        115552 |            110890
  784 |         274326 |        312782 |        199779 |            170686
  785 |         111657 |        217946 |         46361 |            294996
  786 |          36968 |        266840 |        167692 |            118553
  787 |         182354 |        213368 |         68010 |            217969
  788 |         198016 |        317566 |        230647 |            105904
  789 |          24517 |        254779 |        147890 |            219646
  790 |          50974 |         67158 |        185737 |             63135
  791 |         105250 |        163983 |        233406 |            202087
  792 |         276659 |        228218 |        236798 |             99188
  793 |         169938 |         36120 |        159370 |            194758
  794 |         216136 |         79891 |         78418 |            321201
  795 |          98508 |        211900 |        311093 |            159926
  796 |         260952 |        104676 |        224197 |            198893
  797 |         309606 |         49164 |         63180 |              6281
  798 |          63355 |        298632 |        277404 |            210130
  799 |           2431 |        227583 |        130241 |            199645
  800 |         201718 |        202861 |         15352 |            166949
  801 |         321733 |        210442 |        301145 |            215407
  802 |          74866 |        277780 |        130863 |             70317
  803 |         280023 |        288454 |        254458 |             27116
  804 |         210950 |        171277 |           865 |            124921
  805 |         252373 |        243677 |        270627 |            120729
  806 |          32489 |         27191 |        101190 |            216867
  807 |         106924 |         16987 |         99499 |            149858
  808 |         274217 |         47976 |         79352 |            272540
  809 |         134756 |        205747 |         83302 |            281094
  810 |         230399 |        234973 |        190126 |            240843
  811 |         221330 |        264193 |        138274 |            234269
  812 |          21229 |         33793 |         74354 |            290596
  813 |         209138 |          9470 |         94122 |            209032
  814 |          24930 |         13530 |        233905 |              4134
  815 |         299691 |        281830 |        260676 |             33814
  816 |         157723 |        162123 |        263968 |            120111
  817 |          63709 |         43835 |        106086 |            182761
  818 |         226751 |        247724 |         95744 |             88236
  819 |          45289 |        246749 |         60891 |             57713
  820 |          60240 |         16838 |        230814 |            115373
  821 |         285393 |        253058 |        202534 |            247411
  822 |         166713 |         27606 |         63185 |            141419
  823 |         162501 |        147574 |        268828 |            140515
  824 |         152123 |        195936 |        271004 |            167885
  825 |          42926 |         70958 |        232829 |            209062
  826 |         202441 |        278287 |         43205 |            153009
  827 |         260596 |        194706 |         65241 |            219048
  828 |         260223 |         79591 |        160633 |            119931
  829 |         141248 |        229794 |         39352 |            190378
  830 |          61126 |        196044 |        183437 |              8202
  831 |         139537 |         81015 |         22426 |            256865
  832 |         129570 |        281311 |        251292 |            282696
  833 |         299897 |         49175 |        303214 |             51817
  834 |           5765 |        279249 |        287831 |             93443
  835 |          50376 |        297566 |        114094 |            248860
  836 |         304578 |        160686 |        214474 |             57386
  837 |          28379 |        119546 |        306932 |            301033
  838 |          87260 |        149245 |        124142 |            180327
  839 |         118086 |        195770 |         57725 |            275078
  840 |         147425 |         23528 |        264079 |            307284
  841 |         169579 |        126572 |        137843 |            126004
  842 |         295351 |        144106 |        274814 |            248383
  843 |         264192 |        290215 |        291684 |            171922
  844 |          24684 |         34134 |        179816 |             98481
  845 |         132495 |         86044 |        197146 |            300580
  846 |         195525 |         62456 |          4321 |            306479
  847 |         291747 |        223479 |        196577 |            167634
  848 |          18218 |        119796 |        304799 |             39582
  849 |           8201 |         31690 |        306703 |            214127
  850 |          93424 |         24183 |        149594 |              6843
  851 |         282226 |          4953 |        226636 |            268251
  852 |         138817 |        183701 |        124407 |            192158
  853 |         153290 |         88573 |        136982 |            120177
  854 |         211279 |         36688 |         10800 |            114100
  855 |         300036 |        285024 |         35378 |            150343
  856 |         208488 |        318406 |        148456 |             60648
  857 |         280645 |        318434 |         23597 |             42355
  858 |         290101 |        133862 |        299048 |            275787
  859 |         164623 |        271416 |        280588 |            104976
  860 |          90337 |        141567 |        305839 |            315395
  861 |         189049 |        276405 |         47343 |            293478
  862 |         127070 |         32680 |         63627 |            234531
  863 |          41290 |         80014 |        222913 |            188414
  864 |         205196 |          2661 |        166641 |            261047
  865 |         246295 |        118480 |        258145 |             31383
  866 |         259871 |        148353 |        229388 |             21464
  867 |          28970 |         98535 |         35726 |              3442
  868 |          80950 |        273023 |        317513 |             66080
  869 |         232680 |         69745 |         95786 |            193270
  870 |         131167 |        168583 |        239863 |             78959
  871 |          86788 |         20780 |        171081 |            311297
  872 |         184928 |          7701 |        227498 |             79700
  873 |         207725 |         94323 |        259635 |             39185
  874 |         293875 |         78950 |        246617 |            285248
  875 |         128186 |        215515 |         23420 |             60813
  876 |         207364 |         48699 |         17071 |            117796
  877 |         158409 |        202620 |         97513 |            296675
  878 |         237574 |        151637 |         95786 |            155864
  879 |         249800 |        134280 |        231511 |            182864
  880 |          48377 |         78999 |        257512 |             12854
  881 |         150519 |         94780 |        282639 |            141584
  882 |         206865 |        153801 |         33512 |             71802
  883 |         188378 |        179809 |        154695 |            123016
  884 |         264155 |        251999 |         35960 |            156204
  885 |         217891 |         94231 |        138232 |            274807
  886 |         232906 |        183131 |        114966 |            238706
  887 |          28489 |         70739 |        266928 |              1820
  888 |          80334 |        149487 |        100718 |            157663
  889 |          30273 |         32866 |        248127 |            193657
  890 |         283939 |         74449 |        316375 |            239936
  891 |         164196 |        100411 |        123969 |            221565
  892 |         152176 |         89014 |        313672 |            270306
  893 |          95690 |        290306 |        108785 |            209975
  894 |         127529 |        157333 |        158896 |            183027
  895 |         116452 |        194619 |         73145 |             42873
  896 |         182853 |        273932 |        199870 |            252838
  897 |         260396 |        231231 |        264125 |            225763
  898 |          78959 |        186323 |        146771 |            175442
  899 |          89647 |        112214 |        166445 |            198208
  900 |         221227 |          6586 |        169705 |            252285
  901 |         184098 |         78227 |        188782 |            238287
  902 |         265169 |         33557 |        114747 |             98647
  903 |         188310 |        192279 |        133385 |             49586
  904 |         193890 |         88683 |        194043 |              6431
  905 |         178820 |        313417 |        186992 |             59155
  906 |         224657 |        129850 |        230793 |            179730
  907 |         204352 |        231059 |        290959 |            255915
  908 |          84244 |        114934 |        254004 |             70027
  909 |           7367 |        184565 |        240010 |            306812
  910 |          51987 |        251992 |         15654 |            312323
  911 |         174212 |        308437 |         13185 |            147218
  912 |          64533 |         60466 |        305623 |            207484
  913 |         177065 |         79637 |        139679 |             93987
  914 |          74483 |         30829 |        139452 |            318903
  915 |          19428 |        197973 |         37789 |              9994
  916 |         219211 |        110294 |        244239 |             20089
  917 |         200306 |        217550 |        121696 |            250385
  918 |          78681 |        152054 |        287537 |            312215
  919 |            814 |         75244 |        143965 |            277526
  920 |         275525 |        118844 |        152718 |             50218
  921 |          85272 |         87173 |        136579 |             89567
  922 |          25104 |         29561 |        260755 |             91775
  923 |          15444 |        119284 |         53742 |            182007
  924 |         191690 |        226429 |         32905 |            193678
  925 |         120782 |        196869 |         61071 |            279050
  926 |           3278 |         95896 |         96595 |            100687
  927 |         253543 |         84185 |         71440 |             43265
  928 |         141208 |        303127 |        130069 |             48570
  929 |         100654 |        199961 |        263294 |            113860
  930 |         312460 |         22991 |         16357 |            139340
  931 |         162568 |         19131 |        170692 |            266562
  932 |         176695 |        282640 |         28047 |             60514
  933 |          53618 |         95547 |        171140 |            218726
  934 |           9995 |        295303 |        224701 |            194805
  935 |         190388 |         64315 |        311420 |             34932
  936 |         201018 |          5101 |        265312 |            171098
  937 |         128692 |         91686 |        186050 |             64022
  938 |         218467 |        126299 |        191392 |            135183
  939 |         269237 |        236869 |         38939 |             88730
  940 |         297859 |         31049 |        276695 |            292354
  941 |          43498 |        186025 |         12083 |             26604
  942 |         232063 |         67701 |         49326 |             46223
  943 |         238261 |        183101 |        187358 |            100338
  944 |         298263 |        152711 |         83522 |              7116
  945 |          34992 |         91781 |        285006 |            183931
  946 |         290691 |         58910 |         74586 |            194839
  947 |         184623 |        198500 |        210217 |            204308
  948 |          23567 |        166716 |         99344 |            201895
  949 |         286194 |        214828 |        186444 |            301757
  950 |         310955 |         88918 |        277928 |            255275
  951 |          60575 |         32192 |         80943 |            154822
  952 |          57269 |        103126 |        111641 |            155866
  953 |         100632 |         90719 |        132076 |             48092
  954 |         288034 |        285135 |        301729 |            156631
  955 |         193500 |        174336 |        194223 |            272347
  956 |         221870 |        133526 |        147752 |            183473
  957 |         286416 |        207523 |         49694 |            213595
  958 |         198776 |        206444 |        220213 |            312403
  959 |           2481 |         49797 |        317623 |            217772
  960 |          35894 |        139626 |        110088 |            269498
  961 |          44664 |         32556 |        181671 |            309540
  962 |          32614 |        294390 |         91052 |            291835
  963 |         236439 |         67139 |          7995 |              7136
  964 |         295412 |        301324 |         42218 |            308362
  965 |         314621 |         40310 |         76283 |            116761
  966 |         252772 |        192094 |         24311 |            275164
  967 |         134729 |         77294 |         10368 |             42203
  968 |         154677 |        149409 |        181564 |             42430
  969 |         222353 |        282859 |        208115 |             91054
  970 |          96356 |        145223 |         26280 |            105400
  971 |           4020 |        305130 |        122194 |            193758
  972 |         269798 |         53539 |        228820 |            303476
  973 |         135111 |        282952 |         98882 |             68182
  974 |           3228 |        305437 |         97474 |            281904
  975 |         137493 |         30950 |         15315 |            105312
  976 |         175320 |         63449 |         34336 |            302038
  977 |          98001 |        280592 |         23320 |            117944
  978 |          27114 |         14134 |          2200 |            299522
  979 |         321359 |         92884 |         70849 |            192651
  980 |         186980 |        155634 |        264839 |            120878
  981 |         216283 |        191984 |          2127 |            134780
  982 |         213211 |        270850 |        294406 |            222855
  983 |         174680 |         19695 |        297549 |             53908
  984 |         318758 |        197150 |         36067 |             40974
  985 |          25037 |        285797 |         70731 |             95428
  986 |         210488 |        232195 |          7324 |            146810
  987 |         199302 |        207479 |          2611 |            210863
  988 |          13573 |        272719 |         21093 |             99456
  989 |         296382 |        166106 |        279343 |             38802
  990 |         118917 |        236525 |         37654 |            167531
  991 |          56777 |         31670 |         89544 |            320337
  992 |         210796 |        231015 |         14103 |             49972
  993 |         165544 |        176491 |        173340 |             99007
  994 |          90767 |        213479 |         93873 |            293246
  995 |         114901 |        246042 |        132503 |             19298
  996 |         268577 |        232599 |        267230 |             77003
  997 |          75693 |        243634 |        226432 |            196297
  998 |         255297 |         21559 |        232306 |             70824
  999 |         129281 |        318862 |        135014 |             93984
 1000 |         193771 |        176500 |          2232 |            171783
