
 The toPandas() finished!
 🔄 Converting to categorical data...
 The convert to category finished!
 🚀 Starting OneHotEncoding transformation...
 The OneHotEncoding finished!
 ✅ onehot_df dataset shape: (322178, 7908)
 🔍 Finding highly correlated feature columns...
🔄 Label encoding all columns in onehot_df...
 🔍 Comparing columns for Hamming similarity...
 Representative columns = [0, 1, 3, 7, 15, 18, 31, 33, 34, 41, 42, 43, 44, 49, 50, 59, 60, 63, 76, 89, 91, 96, 116, 121, 145, 159, 160, 162, 165, 182, 211, 250, 254, 255, 257, 261, 264, 269, 274, 278, 281, 293, 307, 322, 323, 330, 333, 334, 335, 341, 344, 345, 347, 349, 352, 368, 369, 370, 383, 390, 394, 406, 408, 409, 414, 439, 469, 470, 497, 501, 515, 522, 523, 626, 627, 637, 731, 739, 761, 795, 807, 819, 825, 833, 834, 835, 837, 845, 847, 864, 875, 876, 882, 901, 911, 912, 913, 915, 927, 936, 946, 953, 957, 958, 963, 995, 996, 1030, 1048, 1079, 1097, 1101, 1125, 1132, 1139, 1180, 1204, 1206, 1208, 1241, 1262, 1268, 1331, 1335, 1341, 1376, 1402, 1425, 1463, 1715, 1802, 1917, 1957, 2018, 2019, 2066, 2069, 2087, 2187, 2237, 2274, 2327, 2335, 2339, 2344, 2346, 2350, 2414, 2423, 2434, 2440, 2450, 2460, 2477, 2545, 2582, 2588, 2716, 2720, 2721, 2722, 2761, 2766, 2790, 2856, 2859, 2860, 2864, 2866, 2868, 2871, 2879, 2880, 2881, 2882, 2889, 2891, 2892, 2893, 2904, 3034, 3065, 3079, 3111, 3145, 3146, 3259, 3262, 3361, 3567, 3568, 3571, 3605, 3615, 3618, 3621, 3671, 3816, 3863, 3875, 3905, 3912, 3977, 3993, 4040, 4085, 4086, 4087, 4089, 4090, 4098, 4115, 4218, 4219, 4246, 4247, 4325, 4354, 4464, 4483, 4550, 4553, 4571, 4573, 4578, 4653, 4879, 5068, 5193, 5245, 5344, 5359, 5425, 5503, 5624, 5672, 5679, 5688, 5731, 5761, 5767, 5776, 5837, 5866, 5942, 5943, 5965, 5966, 6064, 6153, 6493, 6495, 6558, 6568, 6587, 6604, 6623, 6630, 6634, 6638, 6640, 6642, 6645, 6646, 6651, 6659, 6736, 6806, 7064, 7067, 7261, 7266, 7375, 7464, 7848, 7855]
 Not grouped columns = [2, 4, 5, 6, 8, 9, 10, 11, 12, 13, 14, 16, 17, 19, 21, 22, 25, 27, 28, 32, 38, 45, 46, 47, 48, 52, 54, 56, 58, 66, 67, 68, 71, 72, 73, 85, 90, 92, 95, 97, 104, 109, 111, 134, 135, 136, 137, 140, 141, 142, 149, 150, 166, 167, 168, 171, 172, 185, 207, 208, 209, 210, 213, 214, 215, 216, 217, 232, 233, 236, 237, 239, 240, 245, 253, 256, 259, 270, 272, 287, 289, 294, 296, 297, 300, 302, 303, 305, 308, 309, 315, 318, 325, 329, 332, 342, 346, 359, 362, 363, 373, 377, 384, 387, 391, 392, 395, 398, 399, 401, 405, 411, 413, 417, 421, 426, 474, 475, 477, 486, 487, 496, 499, 500, 502, 505, 506, 509, 518, 519, 521, 629, 635, 638, 648, 657, 666, 722, 724, 728, 729, 737, 738, 741, 744, 745, 746, 747, 750, 757, 759, 760, 762, 763, 764, 766, 767, 773, 774, 790, 791, 792, 794, 796, 798, 799, 801, 802, 803, 804, 805, 806, 811, 813, 817, 818, 821, 824, 826, 829, 841, 842, 852, 853, 854, 855, 860, 861, 868, 869, 872, 873, 878, 879, 883, 884, 885, 888, 889, 890, 894, 895, 896, 897, 898, 899, 900, 902, 903, 906, 908, 914, 919, 920, 921, 923, 924, 925, 930, 931, 932, 935, 941, 942, 945, 947, 948, 960, 962, 966, 968, 980, 982, 986, 988, 994, 997, 998, 999, 1001, 1002, 1009, 1010, 1011, 1013, 1014, 1027, 1032, 1033, 1034, 1035, 1036, 1038, 1039, 1040, 1051, 1055, 1056, 1057, 1060, 1063, 1064, 1065, 1067, 1068, 1070, 1085, 1087, 1099, 1106, 1107, 1108, 1109, 1111, 1112, 1113, 1114, 1115, 1117, 1119, 1120, 1127, 1138, 1140, 1145, 1146, 1147, 1150, 1151, 1157, 1160, 1161, 1162, 1163, 1167, 1168, 1170, 1175, 1176, 1177, 1178, 1179, 1181, 1182, 1183, 1184, 1189, 1190, 1191, 1193, 1194, 1195, 1196, 1197, 1200, 1201, 1205, 1207, 1209, 1210, 1240, 1245, 1253, 1254, 1256, 1257, 1258, 1259, 1266, 1269, 1270, 1272, 1285, 1294, 1295, 1296, 1299, 1300, 1305, 1306, 1307, 1327, 1328, 1329, 1333, 1336, 1337, 1338, 1339, 1342, 1345, 1346, 1348, 1349, 1350, 1351, 1352, 1355, 1356, 1358, 1360, 1361, 1362, 1363, 1364, 1365, 1367, 1368, 1369, 1370, 1371, 1374, 1375, 1377, 1378, 1379, 1385, 1387, 1388, 1389, 1390, 1391, 1392, 1393, 1395, 1396, 1397, 1404, 1411, 1412, 1413, 1417, 1418, 1419, 1421, 1424, 1427, 1428, 1429, 1432, 1433, 1434, 1484, 1485, 1487, 1490, 1494, 1495, 1497, 1498, 1499, 1500, 1501, 1502, 1511, 1516, 1525, 1528, 1530, 1532, 1537, 1540, 1544, 1545, 1546, 1548, 1550, 1552, 1560, 1561, 1562, 1563, 1565, 1583, 1587, 1591, 1593, 1596, 1597, 1600, 1601, 1602, 1603, 1606, 1607, 1608, 1610, 1651, 1673, 1676, 1681, 1685, 1688, 1691, 1692, 1694, 1695, 1697, 1699, 1701, 1703, 1713, 1717, 1718, 1771, 1772, 1773, 1779, 1780, 1785, 1786, 1787, 1793, 1799, 1800, 1801, 1826, 1827, 1835, 1845, 1848, 1851, 1854, 1858, 1860, 1862, 1865, 1867, 1918, 1919, 1921, 1927, 1929, 1935, 1948, 1951, 1952, 1964, 1966, 1991, 1992, 1998, 1999, 2000, 2002, 2003, 2004, 2021, 2025, 2034, 2035, 2046, 2049, 2050, 2051, 2054, 2056, 2058, 2062, 2063, 2065, 2071, 2073, 2074, 2075, 2076, 2077, 2078, 2081, 2082, 2088, 2089, 2091, 2092, 2093, 2094, 2102, 2103, 2104, 2106, 2108, 2109, 2164, 2171, 2177, 2178, 2191, 2192, 2193, 2194, 2196, 2197, 2206, 2208, 2209, 2213, 2216, 2222, 2232, 2234, 2236, 2266, 2267, 2268, 2272, 2273, 2301, 2303, 2304, 2306, 2307, 2308, 2314, 2315, 2316, 2317, 2318, 2319, 2321, 2322, 2323, 2325, 2328, 2329, 2334, 2337, 2338, 2352, 2354, 2355, 2370, 2371, 2372, 2415, 2416, 2417, 2418, 2419, 2425, 2426, 2427, 2436, 2439, 2441, 2442, 2443, 2444, 2445, 2446, 2447, 2448, 2454, 2455, 2463, 2467, 2479, 2480, 2482, 2488, 2491, 2494, 2495, 2496, 2499, 2500, 2516, 2517, 2518, 2519, 2520, 2521, 2523, 2524, 2528, 2529, 2530, 2531, 2532, 2538, 2539, 2540, 2541, 2542, 2544, 2546, 2547, 2548, 2550, 2551, 2552, 2553, 2554, 2555, 2561, 2563, 2575, 2576, 2577, 2578, 2580, 2581, 2583, 2584, 2589, 2590, 2591, 2592, 2594, 2596, 2597, 2598, 2599, 2602, 2606, 2607, 2611, 2612, 2613, 2615, 2616, 2621, 2622, 2624, 2625, 2631, 2636, 2642, 2646, 2650, 2711, 2713, 2714, 2715, 2717, 2718, 2729, 2730, 2744, 2747, 2749, 2752, 2773, 2775, 2776, 2778, 2781, 2786, 2788, 2789, 2791, 2792, 2795, 2796, 2797, 2798, 2801, 2802, 2804, 2806, 2807, 2812, 2813, 2816, 2818, 2823, 2824, 2827, 2828, 2829, 2830, 2831, 2832, 2833, 2834, 2835, 2837, 2849, 2854, 2857, 2858, 2874, 2875, 2890, 2894, 2896, 2897, 2898, 2899, 2901, 2915, 2917, 2918, 2920, 2924, 2925, 3004, 3005, 3006, 3008, 3011, 3014, 3017, 3019, 3020, 3024, 3025, 3026, 3030, 3033, 3035, 3037, 3041, 3046, 3051, 3055, 3071, 3077, 3078, 3080, 3097, 3099, 3132, 3136, 3139, 3140, 3142, 3143, 3144, 3147, 3148, 3155, 3164, 3261, 3264, 3267, 3270, 3273, 3274, 3277, 3280, 3284, 3286, 3289, 3291, 3294, 3301, 3304, 3306, 3309, 3312, 3314, 3315, 3317, 3318, 3320, 3323, 3325, 3326, 3331, 3334, 3337, 3341, 3344, 3347, 3351, 3354, 3356, 3363, 3372, 3381, 3391, 3496, 3497, 3553, 3555, 3556, 3558, 3561, 3565, 3584, 3585, 3587, 3588, 3590, 3591, 3592, 3593, 3597, 3598, 3603, 3604, 3607, 3608, 3609, 3610, 3611, 3620, 3622, 3623, 3630, 3631, 3632, 3633, 3638, 3639, 3661, 3662, 3663, 3664, 3665, 3666, 3667, 3668, 3670, 3726, 3727, 3728, 3730, 3731, 3732, 3760, 3762, 3767, 3768, 3770, 3771, 3789, 3813, 3815, 3818, 3819, 3820, 3822, 3824, 3825, 3828, 3829, 3832, 3833, 3834, 3836, 3837, 3840, 3841, 3842, 3844, 3846, 3848, 3850, 3851, 3852, 3853, 3854, 3855, 3856, 3857, 3858, 3860, 3861, 3864, 3869, 3870, 3878, 3879, 3884, 3885, 3886, 3887, 3890, 3891, 3895, 3896, 3897, 3898, 3899, 3900, 3901, 3902, 3903, 3904, 3906, 3907, 3914, 3919, 3921, 3922, 3923, 3928, 3929, 3956, 3957, 3958, 3964, 3965, 3967, 3968, 3969, 3971, 3972, 3974, 3976, 3995, 3996, 3998, 4001, 4002, 4003, 4004, 4005, 4019, 4022, 4024, 4025, 4026, 4027, 4029, 4030, 4032, 4034, 4035, 4036, 4037, 4038, 4061, 4066, 4067, 4068, 4071, 4072, 4076, 4077, 4079, 4080, 4081, 4088, 4091, 4093, 4095, 4118, 4119, 4134, 4137, 4139, 4141, 4144, 4152, 4154, 4155, 4163, 4165, 4166, 4167, 4169, 4170, 4171, 4172, 4175, 4178, 4179, 4180, 4182, 4185, 4189, 4191, 4192, 4193, 4194, 4211, 4216, 4220, 4221, 4222, 4223, 4224, 4225, 4226, 4227, 4228, 4229, 4230, 4232, 4234, 4235, 4242, 4248, 4249, 4250, 4255, 4257, 4258, 4260, 4261, 4262, 4264, 4267, 4268, 4269, 4270, 4271, 4272, 4273, 4275, 4279, 4280, 4281, 4282, 4286, 4288, 4289, 4291, 4299, 4307, 4308, 4310, 4314, 4318, 4320, 4321, 4322, 4327, 4335, 4336, 4355, 4358, 4365, 4370, 4374, 4376, 4456, 4457, 4458, 4460, 4463, 4469, 4470, 4472, 4473, 4474, 4475, 4478, 4484, 4485, 4487, 4488, 4489, 4511, 4513, 4523, 4524, 4525, 4526, 4527, 4528, 4531, 4532, 4533, 4534, 4544, 4545, 4547, 4548, 4549, 4552, 4554, 4555, 4557, 4561, 4562, 4563, 4565, 4569, 4580, 4581, 4582, 4583, 4584, 4587, 4588, 4589, 4590, 4591, 4592, 4593, 4596, 4602, 4603, 4606, 4608, 4609, 4610, 4611, 4613, 4614, 4617, 4628, 4630, 4631, 4633, 4634, 4636, 4637, 4641, 4643, 4651, 4655, 4656, 4658, 4664, 4665, 4687, 4773, 4775, 4776, 4777, 4779, 4783, 4784, 4787, 4788, 4790, 4791, 4792, 4793, 4795, 4796, 4797, 4798, 4799, 4802, 4803, 4804, 4805, 4824, 4825, 4826, 4827, 4832, 4833, 4838, 4840, 4841, 4846, 4852, 4854, 4855, 4856, 4858, 4860, 4864, 4903, 4904, 4907, 4914, 4915, 4916, 4925, 4930, 4934, 4941, 4943, 4946, 4947, 4949, 4951, 4953, 4958, 4982, 5016, 5017, 5019, 5022, 5025, 5033, 5034, 5046, 5049, 5061, 5075, 5076, 5173, 5174, 5176, 5177, 5190, 5194, 5195, 5196, 5198, 5200, 5201, 5203, 5205, 5207, 5208, 5209, 5215, 5216, 5220, 5223, 5225, 5226, 5229, 5237, 5239, 5240, 5242, 5243, 5244, 5247, 5248, 5249, 5252, 5253, 5255, 5256, 5332, 5334, 5336, 5340, 5345, 5346, 5350, 5351, 5353, 5354, 5356, 5358, 5360, 5363, 5365, 5408, 5412, 5413, 5431, 5435, 5436, 5437, 5446, 5447, 5451, 5453, 5455, 5456, 5459, 5460, 5465, 5472, 5476, 5477, 5478, 5479, 5481, 5484, 5502, 5504, 5507, 5508, 5518, 5569, 5570, 5573, 5574, 5575, 5577, 5578, 5579, 5580, 5582, 5583, 5585, 5586, 5587, 5591, 5593, 5594, 5608, 5621, 5625, 5631, 5633, 5634, 5641, 5646, 5647, 5651, 5652, 5654, 5655, 5656, 5660, 5661, 5662, 5663, 5664, 5676, 5687, 5698, 5699, 5700, 5703, 5749, 5752, 5754, 5755, 5756, 5757, 5758, 5763, 5765, 5766, 5768, 5769, 5771, 5777, 5780, 5803, 5817, 5818, 5833, 5839, 5840, 5845, 5846, 5847, 5848, 5849, 5868, 5869, 5870, 5871, 5886, 5891, 5900, 5901, 5902, 5903, 5915, 5923, 5929, 5930, 5931, 5944, 5945, 5946, 5994, 5995, 5996, 5997, 5998, 6006, 6011, 6067, 6071, 6080, 6081, 6083, 6089, 6095, 6219, 6220, 6223, 6225, 6227, 6230, 6232, 6233, 6235, 6237, 6238, 6239, 6240, 6241, 6242, 6243, 6245, 6246, 6247, 6249, 6251, 6252, 6254, 6260, 6261, 6266, 6268, 6271, 6304, 6305, 6307, 6308, 6309, 6329, 6330, 6331, 6332, 6333, 6334, 6335, 6336, 6337, 6338, 6339, 6340, 6341, 6342, 6343, 6344, 6345, 6346, 6349, 6350, 6351, 6352, 6353, 6354, 6355, 6356, 6357, 6358, 6360, 6363, 6364, 6367, 6427, 6430, 6431, 6432, 6433, 6434, 6435, 6436, 6437, 6438, 6439, 6440, 6441, 6442, 6443, 6444, 6445, 6446, 6447, 6448, 6449, 6450, 6451, 6452, 6453, 6454, 6455, 6456, 6457, 6458, 6459, 6460, 6466, 6468, 6469, 6470, 6471, 6472, 6473, 6474, 6475, 6476, 6478, 6479, 6480, 6484, 6486, 6487, 6488, 6489, 6490, 6491, 6494, 6500, 6501, 6502, 6503, 6504, 6505, 6506, 6512, 6513, 6514, 6526, 6527, 6533, 6560, 6561, 6562, 6565, 6566, 6570, 6571, 6573, 6575, 6576, 6582, 6585, 6586, 6596, 6597, 6602, 6603, 6613, 6614, 6615, 6624, 6625, 6628, 6631, 6632, 6637, 6641, 6648, 6649, 6653, 6654, 6658, 6660, 6661, 6670, 6677, 6678, 6683, 6685, 6686, 6689, 6690, 6691, 6692, 6693, 6707, 6709, 6710, 6711, 6712, 6715, 6716, 6718, 6720, 6721, 6722, 6725, 6726, 6757, 6763, 6768, 6774, 6775, 6776, 6778, 6782, 6791, 6793, 6796, 6801, 6802, 6805, 6807, 6808, 6816, 6820, 6854, 6855, 6868, 6881, 6885, 6889, 6898, 6906, 6907, 6910, 6912, 6915, 6918, 6919, 6920, 6926, 6929, 6931, 6932, 6934, 6935, 6943, 6944, 6960, 6966, 6975, 6976, 6978, 6979, 6981, 6985, 6987, 6988, 6989, 6992, 6994, 6995, 6997, 6998, 6999, 7001, 7003, 7010, 7019, 7020, 7023, 7024, 7025, 7026, 7028, 7029, 7049, 7053, 7056, 7059, 7063, 7065, 7068, 7072, 7074, 7075, 7083, 7086, 7090, 7091, 7092, 7095, 7096, 7097, 7098, 7103, 7105, 7106, 7112, 7113, 7114, 7115, 7116, 7119, 7120, 7123, 7124, 7126, 7127, 7130, 7131, 7137, 7139, 7143, 7149, 7150, 7151, 7152, 7153, 7157, 7159, 7164, 7167, 7169, 7172, 7174, 7179, 7181, 7206, 7207, 7210, 7212, 7213, 7214, 7222, 7224, 7226, 7231, 7234, 7235, 7236, 7239, 7240, 7242, 7243, 7251, 7252, 7253, 7269, 7277, 7279, 7281, 7282, 7283, 7284, 7285, 7286, 7287, 7288, 7289, 7290, 7292, 7293, 7294, 7295, 7296, 7299, 7322, 7351, 7353, 7359, 7360, 7362, 7363, 7370, 7372, 7373, 7376, 7379, 7381, 7393, 7398, 7399, 7401, 7418, 7420, 7422, 7424, 7435, 7436, 7438, 7439, 7440, 7441, 7446, 7447, 7448, 7450, 7451, 7460, 7462, 7465, 7467, 7470, 7471, 7472, 7474, 7475, 7476, 7477, 7478, 7481, 7482, 7483, 7484, 7485, 7486, 7494, 7495, 7496, 7497, 7498, 7499, 7503, 7504, 7506, 7508, 7509, 7510, 7511, 7513, 7533, 7536, 7537, 7538, 7539, 7544, 7545, 7546, 7547, 7548, 7549, 7550, 7551, 7552, 7553, 7554, 7586, 7589, 7594, 7603, 7608, 7634, 7639, 7659, 7680, 7694, 7789, 7792, 7797, 7798, 7799, 7800, 7843, 7845, 7847, 7850, 7860, 7862, 7866, 7869, 7871, 7874, 7875, 7876, 7877, 7878, 7880, 7881, 7883, 7884, 7890, 7896, 7897, 7898, 7899, 7903, 7904, 7906, 7907]
 Final selected columns = [0, 1, 3, 7, 15, 18, 31, 33, 34, 41, 42, 43, 44, 49, 50, 59, 60, 63, 76, 89, 91, 96, 116, 121, 145, 159, 160, 162, 165, 182, 211, 250, 254, 255, 257, 261, 264, 269, 274, 278, 281, 293, 307, 322, 323, 330, 333, 334, 335, 341, 344, 345, 347, 349, 352, 368, 369, 370, 383, 390, 394, 406, 408, 409, 414, 439, 469, 470, 497, 501, 515, 522, 523, 626, 627, 637, 731, 739, 761, 795, 807, 819, 825, 833, 834, 835, 837, 845, 847, 864, 875, 876, 882, 901, 911, 912, 913, 915, 927, 936, 946, 953, 957, 958, 963, 995, 996, 1030, 1048, 1079, 1097, 1101, 1125, 1132, 1139, 1180, 1204, 1206, 1208, 1241, 1262, 1268, 1331, 1335, 1341, 1376, 1402, 1425, 1463, 1715, 1802, 1917, 1957, 2018, 2019, 2066, 2069, 2087, 2187, 2237, 2274, 2327, 2335, 2339, 2344, 2346, 2350, 2414, 2423, 2434, 2440, 2450, 2460, 2477, 2545, 2582, 2588, 2716, 2720, 2721, 2722, 2761, 2766, 2790, 2856, 2859, 2860, 2864, 2866, 2868, 2871, 2879, 2880, 2881, 2882, 2889, 2891, 2892, 2893, 2904, 3034, 3065, 3079, 3111, 3145, 3146, 3259, 3262, 3361, 3567, 3568, 3571, 3605, 3615, 3618, 3621, 3671, 3816, 3863, 3875, 3905, 3912, 3977, 3993, 4040, 4085, 4086, 4087, 4089, 4090, 4098, 4115, 4218, 4219, 4246, 4247, 4325, 4354, 4464, 4483, 4550, 4553, 4571, 4573, 4578, 4653, 4879, 5068, 5193, 5245, 5344, 5359, 5425, 5503, 5624, 5672, 5679, 5688, 5731, 5761, 5767, 5776, 5837, 5866, 5942, 5943, 5965, 5966, 6064, 6153, 6493, 6495, 6558, 6568, 6587, 6604, 6623, 6630, 6634, 6638, 6640, 6642, 6645, 6646, 6651, 6659, 6736, 6806, 7064, 7067, 7261, 7266, 7375, 7464, 7848, 7855, 2, 4, 5, 6, 8, 9, 10, 11, 12, 13, 14, 16, 17, 19, 21, 22, 25, 27, 28, 32, 38, 45, 46, 47, 48, 52, 54, 56, 58, 66, 67, 68, 71, 72, 73, 85, 90, 92, 95, 97, 104, 109, 111, 134, 135, 136, 137, 140, 141, 142, 149, 150, 166, 167, 168, 171, 172, 185, 207, 208, 209, 210, 213, 214, 215, 216, 217, 232, 233, 236, 237, 239, 240, 245, 253, 256, 259, 270, 272, 287, 289, 294, 296, 297, 300, 302, 303, 305, 308, 309, 315, 318, 325, 329, 332, 342, 346, 359, 362, 363, 373, 377, 384, 387, 391, 392, 395, 398, 399, 401, 405, 411, 413, 417, 421, 426, 474, 475, 477, 486, 487, 496, 499, 500, 502, 505, 506, 509, 518, 519, 521, 629, 635, 638, 648, 657, 666, 722, 724, 728, 729, 737, 738, 741, 744, 745, 746, 747, 750, 757, 759, 760, 762, 763, 764, 766, 767, 773, 774, 790, 791, 792, 794, 796, 798, 799, 801, 802, 803, 804, 805, 806, 811, 813, 817, 818, 821, 824, 826, 829, 841, 842, 852, 853, 854, 855, 860, 861, 868, 869, 872, 873, 878, 879, 883, 884, 885, 888, 889, 890, 894, 895, 896, 897, 898, 899, 900, 902, 903, 906, 908, 914, 919, 920, 921, 923, 924, 925, 930, 931, 932, 935, 941, 942, 945, 947, 948, 960, 962, 966, 968, 980, 982, 986, 988, 994, 997, 998, 999, 1001, 1002, 1009, 1010, 1011, 1013, 1014, 1027, 1032, 1033, 1034, 1035, 1036, 1038, 1039, 1040, 1051, 1055, 1056, 1057, 1060, 1063, 1064, 1065, 1067, 1068, 1070, 1085, 1087, 1099, 1106, 1107, 1108, 1109, 1111, 1112, 1113, 1114, 1115, 1117, 1119, 1120, 1127, 1138, 1140, 1145, 1146, 1147, 1150, 1151, 1157, 1160, 1161, 1162, 1163, 1167, 1168, 1170, 1175, 1176, 1177, 1178, 1179, 1181, 1182, 1183, 1184, 1189, 1190, 1191, 1193, 1194, 1195, 1196, 1197, 1200, 1201, 1205, 1207, 1209, 1210, 1240, 1245, 1253, 1254, 1256, 1257, 1258, 1259, 1266, 1269, 1270, 1272, 1285, 1294, 1295, 1296, 1299, 1300, 1305, 1306, 1307, 1327, 1328, 1329, 1333, 1336, 1337, 1338, 1339, 1342, 1345, 1346, 1348, 1349, 1350, 1351, 1352, 1355, 1356, 1358, 1360, 1361, 1362, 1363, 1364, 1365, 1367, 1368, 1369, 1370, 1371, 1374, 1375, 1377, 1378, 1379, 1385, 1387, 1388, 1389, 1390, 1391, 1392, 1393, 1395, 1396, 1397, 1404, 1411, 1412, 1413, 1417, 1418, 1419, 1421, 1424, 1427, 1428, 1429, 1432, 1433, 1434, 1484, 1485, 1487, 1490, 1494, 1495, 1497, 1498, 1499, 1500, 1501, 1502, 1511, 1516, 1525, 1528, 1530, 1532, 1537, 1540, 1544, 1545, 1546, 1548, 1550, 1552, 1560, 1561, 1562, 1563, 1565, 1583, 1587, 1591, 1593, 1596, 1597, 1600, 1601, 1602, 1603, 1606, 1607, 1608, 1610, 1651, 1673, 1676, 1681, 1685, 1688, 1691, 1692, 1694, 1695, 1697, 1699, 1701, 1703, 1713, 1717, 1718, 1771, 1772, 1773, 1779, 1780, 1785, 1786, 1787, 1793, 1799, 1800, 1801, 1826, 1827, 1835, 1845, 1848, 1851, 1854, 1858, 1860, 1862, 1865, 1867, 1918, 1919, 1921, 1927, 1929, 1935, 1948, 1951, 1952, 1964, 1966, 1991, 1992, 1998, 1999, 2000, 2002, 2003, 2004, 2021, 2025, 2034, 2035, 2046, 2049, 2050, 2051, 2054, 2056, 2058, 2062, 2063, 2065, 2071, 2073, 2074, 2075, 2076, 2077, 2078, 2081, 2082, 2088, 2089, 2091, 2092, 2093, 2094, 2102, 2103, 2104, 2106, 2108, 2109, 2164, 2171, 2177, 2178, 2191, 2192, 2193, 2194, 2196, 2197, 2206, 2208, 2209, 2213, 2216, 2222, 2232, 2234, 2236, 2266, 2267, 2268, 2272, 2273, 2301, 2303, 2304, 2306, 2307, 2308, 2314, 2315, 2316, 2317, 2318, 2319, 2321, 2322, 2323, 2325, 2328, 2329, 2334, 2337, 2338, 2352, 2354, 2355, 2370, 2371, 2372, 2415, 2416, 2417, 2418, 2419, 2425, 2426, 2427, 2436, 2439, 2441, 2442, 2443, 2444, 2445, 2446, 2447, 2448, 2454, 2455, 2463, 2467, 2479, 2480, 2482, 2488, 2491, 2494, 2495, 2496, 2499, 2500, 2516, 2517, 2518, 2519, 2520, 2521, 2523, 2524, 2528, 2529, 2530, 2531, 2532, 2538, 2539, 2540, 2541, 2542, 2544, 2546, 2547, 2548, 2550, 2551, 2552, 2553, 2554, 2555, 2561, 2563, 2575, 2576, 2577, 2578, 2580, 2581, 2583, 2584, 2589, 2590, 2591, 2592, 2594, 2596, 2597, 2598, 2599, 2602, 2606, 2607, 2611, 2612, 2613, 2615, 2616, 2621, 2622, 2624, 2625, 2631, 2636, 2642, 2646, 2650, 2711, 2713, 2714, 2715, 2717, 2718, 2729, 2730, 2744, 2747, 2749, 2752, 2773, 2775, 2776, 2778, 2781, 2786, 2788, 2789, 2791, 2792, 2795, 2796, 2797, 2798, 2801, 2802, 2804, 2806, 2807, 2812, 2813, 2816, 2818, 2823, 2824, 2827, 2828, 2829, 2830, 2831, 2832, 2833, 2834, 2835, 2837, 2849, 2854, 2857, 2858, 2874, 2875, 2890, 2894, 2896, 2897, 2898, 2899, 2901, 2915, 2917, 2918, 2920, 2924, 2925, 3004, 3005, 3006, 3008, 3011, 3014, 3017, 3019, 3020, 3024, 3025, 3026, 3030, 3033, 3035, 3037, 3041, 3046, 3051, 3055, 3071, 3077, 3078, 3080, 3097, 3099, 3132, 3136, 3139, 3140, 3142, 3143, 3144, 3147, 3148, 3155, 3164, 3261, 3264, 3267, 3270, 3273, 3274, 3277, 3280, 3284, 3286, 3289, 3291, 3294, 3301, 3304, 3306, 3309, 3312, 3314, 3315, 3317, 3318, 3320, 3323, 3325, 3326, 3331, 3334, 3337, 3341, 3344, 3347, 3351, 3354, 3356, 3363, 3372, 3381, 3391, 3496, 3497, 3553, 3555, 3556, 3558, 3561, 3565, 3584, 3585, 3587, 3588, 3590, 3591, 3592, 3593, 3597, 3598, 3603, 3604, 3607, 3608, 3609, 3610, 3611, 3620, 3622, 3623, 3630, 3631, 3632, 3633, 3638, 3639, 3661, 3662, 3663, 3664, 3665, 3666, 3667, 3668, 3670, 3726, 3727, 3728, 3730, 3731, 3732, 3760, 3762, 3767, 3768, 3770, 3771, 3789, 3813, 3815, 3818, 3819, 3820, 3822, 3824, 3825, 3828, 3829, 3832, 3833, 3834, 3836, 3837, 3840, 3841, 3842, 3844, 3846, 3848, 3850, 3851, 3852, 3853, 3854, 3855, 3856, 3857, 3858, 3860, 3861, 3864, 3869, 3870, 3878, 3879, 3884, 3885, 3886, 3887, 3890, 3891, 3895, 3896, 3897, 3898, 3899, 3900, 3901, 3902, 3903, 3904, 3906, 3907, 3914, 3919, 3921, 3922, 3923, 3928, 3929, 3956, 3957, 3958, 3964, 3965, 3967, 3968, 3969, 3971, 3972, 3974, 3976, 3995, 3996, 3998, 4001, 4002, 4003, 4004, 4005, 4019, 4022, 4024, 4025, 4026, 4027, 4029, 4030, 4032, 4034, 4035, 4036, 4037, 4038, 4061, 4066, 4067, 4068, 4071, 4072, 4076, 4077, 4079, 4080, 4081, 4088, 4091, 4093, 4095, 4118, 4119, 4134, 4137, 4139, 4141, 4144, 4152, 4154, 4155, 4163, 4165, 4166, 4167, 4169, 4170, 4171, 4172, 4175, 4178, 4179, 4180, 4182, 4185, 4189, 4191, 4192, 4193, 4194, 4211, 4216, 4220, 4221, 4222, 4223, 4224, 4225, 4226, 4227, 4228, 4229, 4230, 4232, 4234, 4235, 4242, 4248, 4249, 4250, 4255, 4257, 4258, 4260, 4261, 4262, 4264, 4267, 4268, 4269, 4270, 4271, 4272, 4273, 4275, 4279, 4280, 4281, 4282, 4286, 4288, 4289, 4291, 4299, 4307, 4308, 4310, 4314, 4318, 4320, 4321, 4322, 4327, 4335, 4336, 4355, 4358, 4365, 4370, 4374, 4376, 4456, 4457, 4458, 4460, 4463, 4469, 4470, 4472, 4473, 4474, 4475, 4478, 4484, 4485, 4487, 4488, 4489, 4511, 4513, 4523, 4524, 4525, 4526, 4527, 4528, 4531, 4532, 4533, 4534, 4544, 4545, 4547, 4548, 4549, 4552, 4554, 4555, 4557, 4561, 4562, 4563, 4565, 4569, 4580, 4581, 4582, 4583, 4584, 4587, 4588, 4589, 4590, 4591, 4592, 4593, 4596, 4602, 4603, 4606, 4608, 4609, 4610, 4611, 4613, 4614, 4617, 4628, 4630, 4631, 4633, 4634, 4636, 4637, 4641, 4643, 4651, 4655, 4656, 4658, 4664, 4665, 4687, 4773, 4775, 4776, 4777, 4779, 4783, 4784, 4787, 4788, 4790, 4791, 4792, 4793, 4795, 4796, 4797, 4798, 4799, 4802, 4803, 4804, 4805, 4824, 4825, 4826, 4827, 4832, 4833, 4838, 4840, 4841, 4846, 4852, 4854, 4855, 4856, 4858, 4860, 4864, 4903, 4904, 4907, 4914, 4915, 4916, 4925, 4930, 4934, 4941, 4943, 4946, 4947, 4949, 4951, 4953, 4958, 4982, 5016, 5017, 5019, 5022, 5025, 5033, 5034, 5046, 5049, 5061, 5075, 5076, 5173, 5174, 5176, 5177, 5190, 5194, 5195, 5196, 5198, 5200, 5201, 5203, 5205, 5207, 5208, 5209, 5215, 5216, 5220, 5223, 5225, 5226, 5229, 5237, 5239, 5240, 5242, 5243, 5244, 5247, 5248, 5249, 5252, 5253, 5255, 5256, 5332, 5334, 5336, 5340, 5345, 5346, 5350, 5351, 5353, 5354, 5356, 5358, 5360, 5363, 5365, 5408, 5412, 5413, 5431, 5435, 5436, 5437, 5446, 5447, 5451, 5453, 5455, 5456, 5459, 5460, 5465, 5472, 5476, 5477, 5478, 5479, 5481, 5484, 5502, 5504, 5507, 5508, 5518, 5569, 5570, 5573, 5574, 5575, 5577, 5578, 5579, 5580, 5582, 5583, 5585, 5586, 5587, 5591, 5593, 5594, 5608, 5621, 5625, 5631, 5633, 5634, 5641, 5646, 5647, 5651, 5652, 5654, 5655, 5656, 5660, 5661, 5662, 5663, 5664, 5676, 5687, 5698, 5699, 5700, 5703, 5749, 5752, 5754, 5755, 5756, 5757, 5758, 5763, 5765, 5766, 5768, 5769, 5771, 5777, 5780, 5803, 5817, 5818, 5833, 5839, 5840, 5845, 5846, 5847, 5848, 5849, 5868, 5869, 5870, 5871, 5886, 5891, 5900, 5901, 5902, 5903, 5915, 5923, 5929, 5930, 5931, 5944, 5945, 5946, 5994, 5995, 5996, 5997, 5998, 6006, 6011, 6067, 6071, 6080, 6081, 6083, 6089, 6095, 6219, 6220, 6223, 6225, 6227, 6230, 6232, 6233, 6235, 6237, 6238, 6239, 6240, 6241, 6242, 6243, 6245, 6246, 6247, 6249, 6251, 6252, 6254, 6260, 6261, 6266, 6268, 6271, 6304, 6305, 6307, 6308, 6309, 6329, 6330, 6331, 6332, 6333, 6334, 6335, 6336, 6337, 6338, 6339, 6340, 6341, 6342, 6343, 6344, 6345, 6346, 6349, 6350, 6351, 6352, 6353, 6354, 6355, 6356, 6357, 6358, 6360, 6363, 6364, 6367, 6427, 6430, 6431, 6432, 6433, 6434, 6435, 6436, 6437, 6438, 6439, 6440, 6441, 6442, 6443, 6444, 6445, 6446, 6447, 6448, 6449, 6450, 6451, 6452, 6453, 6454, 6455, 6456, 6457, 6458, 6459, 6460, 6466, 6468, 6469, 6470, 6471, 6472, 6473, 6474, 6475, 6476, 6478, 6479, 6480, 6484, 6486, 6487, 6488, 6489, 6490, 6491, 6494, 6500, 6501, 6502, 6503, 6504, 6505, 6506, 6512, 6513, 6514, 6526, 6527, 6533, 6560, 6561, 6562, 6565, 6566, 6570, 6571, 6573, 6575, 6576, 6582, 6585, 6586, 6596, 6597, 6602, 6603, 6613, 6614, 6615, 6624, 6625, 6628, 6631, 6632, 6637, 6641, 6648, 6649, 6653, 6654, 6658, 6660, 6661, 6670, 6677, 6678, 6683, 6685, 6686, 6689, 6690, 6691, 6692, 6693, 6707, 6709, 6710, 6711, 6712, 6715, 6716, 6718, 6720, 6721, 6722, 6725, 6726, 6757, 6763, 6768, 6774, 6775, 6776, 6778, 6782, 6791, 6793, 6796, 6801, 6802, 6805, 6807, 6808, 6816, 6820, 6854, 6855, 6868, 6881, 6885, 6889, 6898, 6906, 6907, 6910, 6912, 6915, 6918, 6919, 6920, 6926, 6929, 6931, 6932, 6934, 6935, 6943, 6944, 6960, 6966, 6975, 6976, 6978, 6979, 6981, 6985, 6987, 6988, 6989, 6992, 6994, 6995, 6997, 6998, 6999, 7001, 7003, 7010, 7019, 7020, 7023, 7024, 7025, 7026, 7028, 7029, 7049, 7053, 7056, 7059, 7063, 7065, 7068, 7072, 7074, 7075, 7083, 7086, 7090, 7091, 7092, 7095, 7096, 7097, 7098, 7103, 7105, 7106, 7112, 7113, 7114, 7115, 7116, 7119, 7120, 7123, 7124, 7126, 7127, 7130, 7131, 7137, 7139, 7143, 7149, 7150, 7151, 7152, 7153, 7157, 7159, 7164, 7167, 7169, 7172, 7174, 7179, 7181, 7206, 7207, 7210, 7212, 7213, 7214, 7222, 7224, 7226, 7231, 7234, 7235, 7236, 7239, 7240, 7242, 7243, 7251, 7252, 7253, 7269, 7277, 7279, 7281, 7282, 7283, 7284, 7285, 7286, 7287, 7288, 7289, 7290, 7292, 7293, 7294, 7295, 7296, 7299, 7322, 7351, 7353, 7359, 7360, 7362, 7363, 7370, 7372, 7373, 7376, 7379, 7381, 7393, 7398, 7399, 7401, 7418, 7420, 7422, 7424, 7435, 7436, 7438, 7439, 7440, 7441, 7446, 7447, 7448, 7450, 7451, 7460, 7462, 7465, 7467, 7470, 7471, 7472, 7474, 7475, 7476, 7477, 7478, 7481, 7482, 7483, 7484, 7485, 7486, 7494, 7495, 7496, 7497, 7498, 7499, 7503, 7504, 7506, 7508, 7509, 7510, 7511, 7513, 7533, 7536, 7537, 7538, 7539, 7544, 7545, 7546, 7547, 7548, 7549, 7550, 7551, 7552, 7553, 7554, 7586, 7589, 7594, 7603, 7608, 7634, 7639, 7659, 7680, 7694, 7789, 7792, 7797, 7798, 7799, 7800, 7843, 7845, 7847, 7850, 7860, 7862, 7866, 7869, 7871, 7874, 7875, 7876, 7877, 7878, 7880, 7881, 7883, 7884, 7890, 7896, 7897, 7898, 7899, 7903, 7904, 7906, 7907]
 ✅ Reduced features from 7908 to 2166

📦 Similar Column Groups (Hamming similarity ≥ 85%):
Representative column 0 represents columns [0, 2767]
Representative column 1 represents columns [1, 2768]
Representative column 3 represents columns [3, 3847, 3849]
Representative column 7 represents columns [7, 20, 30, 35, 37, 51, 53, 61, 62, 64, 65, 70, 79, 80, 82, 83, 94, 98, 99, 100, 102, 105, 106, 110, 114, 117, 118, 119, 122, 123, 126, 127, 130, 147, 151, 152, 153, 156, 157, 158, 161, 173, 174, 175, 178, 181, 188, 191, 192, 193, 194, 196, 200, 203, 204, 205, 212, 218, 221, 224, 226, 227, 228, 229, 238, 241, 242, 244, 251, 252, 258, 260, 262, 265, 266, 267, 268, 279, 280, 283, 290, 298, 301, 310, 312, 316, 319, 343, 351, 354, 358, 360, 361, 365, 374, 379, 381, 386, 388, 397, 403, 412, 418, 420, 424, 425, 430, 431, 432, 434, 435, 436, 437, 442, 443, 445, 453, 459, 460, 461, 462, 463, 464, 465, 468, 479, 482, 483, 494, 498, 504, 510, 516, 517, 520, 526, 527, 528, 529, 530, 531, 532, 536, 537, 538, 541, 544, 546, 547, 549, 551, 553, 556, 557, 558, 560, 561, 562, 564, 566, 568, 569, 571, 572, 573, 574, 575, 577, 579, 580, 584, 586, 588, 589, 591, 592, 594, 595, 596, 597, 599, 600, 601, 602, 603, 605, 606, 607, 608, 611, 613, 615, 616, 618, 619, 620, 621, 622, 624, 633, 634, 639, 644, 645, 651, 652, 653, 655, 658, 662, 663, 664, 668, 669, 670, 671, 672, 674, 675, 678, 680, 681, 682, 685, 688, 689, 690, 693, 695, 697, 699, 700, 702, 703, 705, 707, 708, 710, 711, 714, 715, 716, 717, 718, 719, 720, 721, 734, 735, 742, 756, 768, 769, 771, 772, 776, 778, 782, 783, 784, 793, 814, 815, 832, 838, 844, 851, 859, 862, 863, 870, 874, 881, 904, 905, 907, 909, 910, 916, 928, 929, 933, 937, 939, 943, 944, 949, 950, 951, 955, 959, 970, 971, 979, 981, 984, 991, 993, 1004, 1005, 1006, 1008, 1020, 1022, 1025, 1043, 1044, 1052, 1062, 1072, 1073, 1074, 1075, 1077, 1078, 1080, 1082, 1083, 1084, 1089, 1090, 1092, 1093, 1094, 1100, 1103, 1104, 1105, 1121, 1123, 1124, 1130, 1134, 1136, 1142, 1143, 1152, 1153, 1154, 1158, 1164, 1165, 1171, 1172, 1173, 1185, 1187, 1192, 1198, 1202, 1213, 1214, 1216, 1218, 1219, 1220, 1221, 1222, 1224, 1225, 1227, 1228, 1230, 1231, 1234, 1235, 1236, 1237, 1243, 1248, 1250, 1263, 1267, 1271, 1273, 1275, 1276, 1278, 1279, 1280, 1283, 1284, 1288, 1289, 1291, 1292, 1298, 1301, 1308, 1310, 1311, 1312, 1313, 1315, 1316, 1317, 1319, 1320, 1321, 1322, 1323, 1340, 1372, 1380, 1381, 1382, 1383, 1394, 1399, 1401, 1403, 1406, 1408, 1410, 1415, 1436, 1438, 1440, 1441, 1442, 1444, 1448, 1449, 1450, 1457, 1459, 1461, 1464, 1466, 1468, 1469, 1471, 1472, 1473, 1475, 1479, 1480, 1482, 1489, 1496, 1506, 1508, 1510, 1512, 1517, 1518, 1521, 1534, 1536, 1539, 1542, 1547, 1549, 1554, 1555, 1556, 1557, 1558, 1559, 1566, 1567, 1568, 1569, 1572, 1573, 1574, 1575, 1576, 1577, 1579, 1594, 1612, 1614, 1618, 1623, 1626, 1627, 1628, 1629, 1631, 1633, 1634, 1635, 1636, 1638, 1639, 1641, 1642, 1643, 1644, 1647, 1648, 1649, 1650, 1652, 1654, 1655, 1656, 1657, 1659, 1660, 1661, 1664, 1665, 1668, 1670, 1679, 1680, 1683, 1684, 1687, 1690, 1693, 1696, 1702, 1704, 1705, 1706, 1707, 1708, 1709, 1711, 1716, 1720, 1722, 1724, 1728, 1729, 1730, 1731, 1732, 1734, 1735, 1736, 1737, 1738, 1739, 1740, 1741, 1742, 1743, 1744, 1745, 1746, 1747, 1749, 1750, 1751, 1752, 1753, 1755, 1756, 1757, 1758, 1766, 1767, 1792, 1795, 1797, 1805, 1808, 1809, 1815, 1816, 1820, 1822, 1823, 1824, 1828, 1829, 1830, 1834, 1838, 1839, 1840, 1841, 1843, 1846, 1847, 1853, 1856, 1861, 1868, 1869, 1872, 1875, 1876, 1877, 1878, 1880, 1881, 1883, 1885, 1886, 1887, 1888, 1889, 1890, 1891, 1892, 1893, 1896, 1897, 1898, 1899, 1900, 1901, 1902, 1904, 1905, 1906, 1907, 1908, 1909, 1910, 1911, 1912, 1922, 1926, 1930, 1931, 1932, 1941, 1942, 1943, 1944, 1945, 1946, 1949, 1954, 1956, 1961, 1962, 1965, 1971, 1972, 1973, 1974, 1975, 1976, 1977, 1978, 1981, 1982, 1983, 1984, 1989, 2006, 2007, 2008, 2012, 2013, 2014, 2029, 2037, 2039, 2040, 2047, 2048, 2053, 2061, 2070, 2085, 2090, 2096, 2097, 2098, 2113, 2114, 2115, 2116, 2117, 2119, 2120, 2122, 2123, 2124, 2125, 2126, 2127, 2128, 2129, 2130, 2131, 2132, 2135, 2136, 2137, 2139, 2140, 2141, 2143, 2144, 2145, 2148, 2149, 2150, 2151, 2152, 2153, 2154, 2156, 2157, 2158, 2159, 2160, 2161, 2162, 2166, 2169, 2170, 2172, 2173, 2174, 2175, 2176, 2179, 2190, 2195, 2199, 2200, 2201, 2202, 2203, 2207, 2214, 2215, 2218, 2220, 2224, 2226, 2228, 2229, 2230, 2231, 2233, 2238, 2239, 2240, 2241, 2242, 2243, 2244, 2245, 2246, 2247, 2248, 2249, 2251, 2252, 2253, 2254, 2255, 2256, 2257, 2258, 2261, 2262, 2263, 2275, 2276, 2277, 2278, 2279, 2280, 2281, 2282, 2283, 2284, 2285, 2286, 2287, 2288, 2289, 2290, 2291, 2292, 2293, 2294, 2295, 2296, 2297, 2298, 2299, 2300, 2302, 2309, 2310, 2324, 2341, 2342, 2360, 2366, 2373, 2378, 2383, 2384, 2385, 2386, 2387, 2388, 2389, 2390, 2391, 2392, 2393, 2394, 2395, 2396, 2397, 2398, 2399, 2400, 2401, 2404, 2405, 2406, 2407, 2408, 2409, 2410, 2411, 2412, 2413, 2420, 2421, 2428, 2430, 2435, 2458, 2459, 2464, 2465, 2466, 2470, 2471, 2472, 2473, 2478, 2483, 2484, 2486, 2492, 2505, 2506, 2507, 2508, 2509, 2510, 2513, 2514, 2515, 2533, 2549, 2559, 2560, 2568, 2574, 2587, 2595, 2608, 2629, 2630, 2634, 2637, 2641, 2651, 2655, 2656, 2659, 2660, 2662, 2663, 2664, 2670, 2672, 2674, 2676, 2677, 2679, 2681, 2684, 2686, 2688, 2695, 2696, 2697, 2698, 2699, 2700, 2703, 2704, 2705, 2708, 2710, 2723, 2733, 2734, 2735, 2736, 2741, 2742, 2745, 2750, 2753, 2756, 2763, 2764, 2765, 2769, 2770, 2771, 2774, 2777, 2782, 2783, 2784, 2799, 2800, 2825, 2842, 2846, 2847, 2848, 2851, 2855, 2861, 2865, 2867, 2869, 2876, 2884, 2895, 2900, 2902, 2909, 2910, 2912, 2914, 2921, 2926, 2927, 2928, 2929, 2930, 2932, 2933, 2935, 2936, 2937, 2938, 2939, 2940, 2944, 2945, 2946, 2947, 2948, 2949, 2950, 2951, 2952, 2953, 2954, 2955, 2957, 2958, 2960, 2961, 2962, 2963, 2964, 2965, 2966, 2967, 2969, 2970, 2971, 2974, 2975, 2977, 2978, 2979, 2980, 2981, 2982, 2983, 2984, 2985, 2986, 2987, 2988, 2989, 2990, 2991, 2992, 2993, 2994, 2995, 2996, 2997, 2998, 2999, 3000, 3001, 3002, 3023, 3042, 3043, 3056, 3061, 3063, 3069, 3070, 3072, 3073, 3075, 3076, 3081, 3083, 3085, 3086, 3087, 3088, 3090, 3092, 3093, 3095, 3096, 3098, 3104, 3108, 3109, 3113, 3114, 3115, 3116, 3117, 3118, 3119, 3120, 3123, 3124, 3125, 3127, 3128, 3129, 3133, 3135, 3138, 3149, 3152, 3153, 3156, 3160, 3162, 3165, 3171, 3172, 3173, 3174, 3175, 3176, 3177, 3180, 3181, 3182, 3183, 3184, 3187, 3188, 3189, 3190, 3191, 3192, 3193, 3194, 3195, 3196, 3197, 3198, 3199, 3200, 3201, 3202, 3203, 3204, 3205, 3206, 3207, 3208, 3209, 3210, 3211, 3212, 3213, 3214, 3215, 3216, 3217, 3218, 3219, 3220, 3221, 3222, 3223, 3224, 3225, 3226, 3227, 3228, 3229, 3230, 3231, 3232, 3233, 3234, 3235, 3236, 3237, 3238, 3239, 3240, 3241, 3242, 3243, 3244, 3245, 3246, 3247, 3248, 3249, 3250, 3251, 3253, 3255, 3257, 3260, 3263, 3266, 3268, 3269, 3271, 3272, 3276, 3278, 3281, 3282, 3283, 3285, 3287, 3290, 3292, 3295, 3296, 3299, 3302, 3303, 3305, 3307, 3310, 3311, 3313, 3316, 3319, 3321, 3327, 3329, 3332, 3335, 3338, 3339, 3340, 3342, 3343, 3346, 3349, 3350, 3352, 3355, 3357, 3359, 3360, 3364, 3373, 3375, 3376, 3378, 3380, 3383, 3384, 3386, 3387, 3389, 3390, 3392, 3393, 3395, 3397, 3398, 3399, 3401, 3402, 3404, 3407, 3408, 3409, 3411, 3412, 3413, 3414, 3415, 3417, 3418, 3420, 3421, 3423, 3424, 3425, 3426, 3427, 3428, 3430, 3431, 3432, 3434, 3435, 3436, 3437, 3441, 3445, 3450, 3451, 3452, 3453, 3454, 3455, 3456, 3457, 3458, 3459, 3460, 3461, 3462, 3465, 3466, 3467, 3468, 3469, 3470, 3471, 3472, 3473, 3474, 3476, 3477, 3478, 3479, 3480, 3481, 3482, 3483, 3484, 3485, 3486, 3487, 3488, 3489, 3490, 3491, 3492, 3499, 3500, 3501, 3502, 3504, 3505, 3509, 3514, 3515, 3516, 3517, 3518, 3519, 3520, 3521, 3522, 3523, 3524, 3525, 3526, 3529, 3530, 3531, 3532, 3533, 3534, 3535, 3536, 3537, 3538, 3539, 3540, 3541, 3542, 3543, 3544, 3545, 3546, 3547, 3548, 3549, 3550, 3559, 3560, 3562, 3574, 3599, 3600, 3619, 3624, 3628, 3629, 3641, 3643, 3644, 3645, 3646, 3647, 3648, 3649, 3650, 3651, 3652, 3653, 3654, 3655, 3656, 3657, 3673, 3675, 3676, 3677, 3679, 3680, 3681, 3682, 3683, 3684, 3685, 3687, 3688, 3689, 3691, 3693, 3694, 3696, 3697, 3698, 3699, 3700, 3702, 3703, 3705, 3706, 3707, 3708, 3709, 3710, 3711, 3712, 3714, 3716, 3717, 3718, 3719, 3720, 3721, 3722, 3723, 3724, 3733, 3734, 3737, 3746, 3747, 3748, 3754, 3755, 3756, 3758, 3764, 3765, 3769, 3772, 3773, 3775, 3777, 3778, 3779, 3780, 3782, 3783, 3784, 3785, 3786, 3787, 3788, 3795, 3796, 3797, 3799, 3800, 3801, 3802, 3803, 3804, 3805, 3806, 3807, 3808, 3810, 3811, 3826, 3831, 3835, 3843, 3862, 3866, 3867, 3868, 3873, 3874, 3881, 3882, 3892, 3894, 3909, 3910, 3911, 3916, 3917, 3926, 3930, 3934, 3936, 3937, 3938, 3939, 3942, 3943, 3944, 3946, 3947, 3948, 3949, 3950, 3951, 3952, 3959, 3960, 3961, 3984, 3985, 3986, 3987, 3988, 3989, 3990, 3991, 3994, 3999, 4006, 4007, 4008, 4009, 4010, 4011, 4013, 4014, 4015, 4016, 4017, 4018, 4028, 4031, 4033, 4041, 4042, 4043, 4044, 4045, 4046, 4047, 4048, 4049, 4050, 4051, 4052, 4055, 4056, 4058, 4060, 4070, 4074, 4075, 4078, 4084, 4099, 4101, 4102, 4105, 4106, 4107, 4109, 4111, 4112, 4117, 4121, 4122, 4126, 4145, 4147, 4148, 4156, 4157, 4160, 4161, 4162, 4164, 4168, 4173, 4174, 4183, 4197, 4202, 4206, 4207, 4212, 4214, 4236, 4237, 4238, 4251, 4252, 4254, 4277, 4283, 4285, 4294, 4295, 4296, 4306, 4311, 4316, 4326, 4328, 4331, 4341, 4342, 4345, 4348, 4349, 4350, 4352, 4353, 4360, 4364, 4371, 4372, 4373, 4378, 4379, 4380, 4382, 4383, 4386, 4387, 4388, 4389, 4390, 4392, 4393, 4394, 4395, 4396, 4397, 4398, 4399, 4400, 4401, 4402, 4403, 4405, 4406, 4407, 4408, 4409, 4410, 4411, 4412, 4413, 4414, 4415, 4417, 4418, 4419, 4420, 4421, 4422, 4423, 4424, 4425, 4426, 4427, 4428, 4429, 4430, 4431, 4432, 4433, 4434, 4435, 4436, 4437, 4439, 4440, 4441, 4442, 4443, 4444, 4445, 4446, 4447, 4448, 4449, 4450, 4451, 4452, 4453, 4454, 4455, 4466, 4477, 4480, 4481, 4486, 4490, 4497, 4500, 4501, 4502, 4504, 4506, 4510, 4520, 4521, 4529, 4530, 4539, 4541, 4543, 4559, 4572, 4575, 4576, 4618, 4620, 4622, 4623, 4624, 4640, 4644, 4645, 4646, 4648, 4649, 4650, 4661, 4666, 4668, 4670, 4676, 4677, 4679, 4680, 4683, 4685, 4688, 4689, 4690, 4693, 4694, 4695, 4697, 4698, 4699, 4701, 4702, 4703, 4705, 4706, 4707, 4708, 4709, 4710, 4711, 4713, 4714, 4715, 4716, 4717, 4718, 4719, 4720, 4721, 4723, 4725, 4726, 4727, 4728, 4729, 4730, 4731, 4733, 4734, 4735, 4736, 4737, 4738, 4739, 4740, 4741, 4742, 4743, 4744, 4746, 4747, 4748, 4749, 4750, 4751, 4752, 4753, 4754, 4755, 4756, 4759, 4760, 4761, 4762, 4763, 4764, 4765, 4766, 4767, 4769, 4770, 4771, 4772, 4774, 4780, 4789, 4794, 4810, 4811, 4812, 4814, 4817, 4819, 4820, 4821, 4822, 4829, 4830, 4837, 4842, 4843, 4850, 4851, 4857, 4862, 4863, 4865, 4866, 4868, 4869, 4870, 4872, 4873, 4874, 4875, 4876, 4877, 4878, 4882, 4883, 4884, 4886, 4891, 4892, 4894, 4897, 4898, 4899, 4900, 4909, 4912, 4917, 4918, 4922, 4926, 4932, 4933, 4935, 4936, 4938, 4939, 4942, 4944, 4945, 4952, 4955, 4956, 4959, 4962, 4966, 4967, 4970, 4973, 4974, 4975, 4976, 4978, 4979, 4980, 4981, 4983, 4985, 4986, 4989, 4993, 4994, 4995, 4996, 4999, 5000, 5001, 5004, 5005, 5006, 5007, 5008, 5009, 5010, 5013, 5014, 5023, 5024, 5026, 5028, 5030, 5032, 5036, 5037, 5039, 5040, 5043, 5045, 5050, 5051, 5053, 5054, 5055, 5056, 5058, 5060, 5062, 5063, 5064, 5065, 5066, 5067, 5069, 5070, 5071, 5072, 5073, 5077, 5080, 5082, 5085, 5086, 5089, 5090, 5091, 5092, 5093, 5094, 5095, 5096, 5098, 5101, 5103, 5104, 5106, 5107, 5108, 5109, 5110, 5111, 5112, 5113, 5114, 5115, 5116, 5117, 5118, 5120, 5121, 5122, 5123, 5124, 5125, 5126, 5127, 5128, 5129, 5130, 5132, 5133, 5135, 5137, 5140, 5143, 5144, 5147, 5148, 5149, 5150, 5151, 5152, 5154, 5155, 5156, 5157, 5158, 5159, 5160, 5161, 5162, 5163, 5164, 5165, 5170, 5175, 5180, 5182, 5187, 5188, 5197, 5199, 5212, 5213, 5217, 5219, 5231, 5232, 5233, 5234, 5235, 5236, 5254, 5257, 5258, 5259, 5260, 5261, 5262, 5263, 5264, 5265, 5266, 5267, 5268, 5269, 5270, 5271, 5272, 5273, 5274, 5275, 5276, 5277, 5278, 5279, 5280, 5281, 5282, 5283, 5284, 5285, 5286, 5287, 5288, 5289, 5290, 5291, 5292, 5293, 5295, 5296, 5298, 5300, 5301, 5302, 5303, 5304, 5305, 5307, 5308, 5309, 5310, 5311, 5312, 5313, 5314, 5315, 5316, 5317, 5318, 5319, 5320, 5321, 5322, 5323, 5324, 5325, 5326, 5327, 5328, 5329, 5330, 5331, 5333, 5339, 5343, 5348, 5349, 5357, 5361, 5362, 5366, 5369, 5370, 5374, 5379, 5385, 5391, 5396, 5397, 5399, 5410, 5411, 5419, 5427, 5430, 5434, 5439, 5440, 5443, 5462, 5470, 5471, 5473, 5474, 5482, 5487, 5488, 5489, 5491, 5492, 5493, 5494, 5495, 5499, 5511, 5512, 5513, 5514, 5525, 5528, 5540, 5542, 5544, 5555, 5564, 5572, 5581, 5584, 5588, 5589, 5590, 5592, 5595, 5596, 5597, 5598, 5599, 5600, 5601, 5602, 5603, 5604, 5606, 5609, 5610, 5611, 5613, 5614, 5615, 5616, 5636, 5638, 5640, 5657, 5659, 5665, 5666, 5668, 5669, 5670, 5691, 5692, 5694, 5697, 5701, 5702, 5707, 5710, 5720, 5723, 5724, 5744, 5745, 5746, 5750, 5760, 5773, 5774, 5779, 5782, 5785, 5786, 5788, 5789, 5790, 5792, 5793, 5794, 5795, 5796, 5797, 5798, 5799, 5800, 5804, 5806, 5809, 5810, 5811, 5815, 5816, 5819, 5820, 5821, 5823, 5824, 5825, 5827, 5830, 5831, 5832, 5841, 5843, 5850, 5852, 5853, 5854, 5855, 5856, 5857, 5859, 5860, 5862, 5864, 5872, 5873, 5874, 5875, 5876, 5877, 5879, 5880, 5882, 5887, 5888, 5889, 5892, 5898, 5904, 5905, 5906, 5908, 5916, 5917, 5918, 5919, 5921, 5933, 5934, 5957, 5958, 5959, 5960, 5961, 5967, 5968, 5990, 5991, 5999, 6000, 6021, 6022, 6023, 6024, 6025, 6030, 6031, 6032, 6057, 6058, 6059, 6060, 6061, 6062, 6065, 6066, 6068, 6069, 6073, 6074, 6075, 6076, 6078, 6079, 6084, 6086, 6087, 6088, 6090, 6098, 6099, 6100, 6116, 6118, 6119, 6120, 6121, 6123, 6124, 6125, 6126, 6127, 6128, 6129, 6130, 6131, 6132, 6133, 6136, 6137, 6138, 6163, 6164, 6165, 6166, 6167, 6168, 6171, 6172, 6173, 6174, 6185, 6186, 6187, 6188, 6189, 6190, 6191, 6192, 6193, 6194, 6195, 6196, 6197, 6198, 6199, 6200, 6201, 6202, 6203, 6204, 6205, 6206, 6207, 6210, 6211, 6212, 6213, 6214, 6222, 6229, 6244, 6258, 6259, 6263, 6265, 6267, 6269, 6272, 6273, 6274, 6278, 6279, 6280, 6283, 6284, 6285, 6286, 6287, 6288, 6289, 6290, 6291, 6292, 6293, 6294, 6296, 6297, 6298, 6299, 6300, 6301, 6302, 6303, 6310, 6312, 6313, 6314, 6315, 6316, 6317, 6318, 6319, 6322, 6323, 6324, 6325, 6328, 6369, 6370, 6371, 6372, 6375, 6376, 6378, 6382, 6383, 6394, 6406, 6414, 6415, 6416, 6417, 6418, 6420, 6421, 6422, 6423, 6424, 6426, 6508, 6518, 6519, 6520, 6521, 6522, 6523, 6524, 6525, 6541, 6542, 6544, 6551, 6552, 6553, 6554, 6555, 6569, 6574, 6577, 6578, 6579, 6580, 6581, 6590, 6591, 6594, 6598, 6605, 6608, 6609, 6616, 6618, 6619, 6629, 6633, 6647, 6662, 6676, 6684, 6694, 6695, 6696, 6697, 6700, 6702, 6703, 6719, 6733, 6737, 6738, 6739, 6742, 6743, 6745, 6746, 6747, 6748, 6749, 6750, 6751, 6752, 6753, 6758, 6759, 6764, 6770, 6772, 6777, 6779, 6784, 6786, 6790, 6792, 6795, 6797, 6799, 6800, 6812, 6814, 6815, 6823, 6825, 6826, 6827, 6828, 6829, 6830, 6831, 6832, 6833, 6835, 6836, 6837, 6838, 6839, 6840, 6841, 6842, 6843, 6847, 6848, 6849, 6850, 6851, 6852, 6853, 6858, 6860, 6861, 6864, 6865, 6867, 6869, 6871, 6873, 6874, 6879, 6887, 6888, 6890, 6892, 6893, 6894, 6895, 6899, 6900, 6903, 6904, 6905, 6909, 6911, 6914, 6916, 6917, 6922, 6924, 6927, 6947, 6949, 6956, 6962, 6969, 6970, 6972, 6986, 6991, 7000, 7004, 7005, 7006, 7012, 7016, 7030, 7031, 7033, 7037, 7038, 7039, 7040, 7043, 7047, 7078, 7079, 7080, 7081, 7085, 7089, 7099, 7111, 7122, 7128, 7133, 7136, 7140, 7142, 7144, 7145, 7146, 7148, 7156, 7158, 7165, 7166, 7171, 7175, 7177, 7178, 7187, 7190, 7194, 7195, 7196, 7197, 7200, 7215, 7217, 7218, 7228, 7229, 7232, 7233, 7237, 7238, 7241, 7244, 7245, 7246, 7248, 7249, 7256, 7257, 7259, 7260, 7263, 7274, 7300, 7301, 7302, 7308, 7309, 7311, 7319, 7321, 7323, 7325, 7327, 7331, 7333, 7336, 7337, 7338, 7339, 7340, 7341, 7343, 7344, 7346, 7347, 7348, 7355, 7356, 7361, 7369, 7380, 7385, 7386, 7387, 7388, 7389, 7390, 7395, 7397, 7402, 7403, 7404, 7405, 7406, 7407, 7409, 7411, 7413, 7421, 7423, 7425, 7427, 7429, 7432, 7433, 7434, 7437, 7473, 7487, 7488, 7489, 7490, 7491, 7501, 7517, 7519, 7520, 7523, 7524, 7526, 7529, 7534, 7540, 7541, 7555, 7557, 7558, 7559, 7560, 7561, 7562, 7563, 7564, 7565, 7567, 7568, 7570, 7571, 7572, 7573, 7574, 7575, 7576, 7577, 7578, 7579, 7580, 7581, 7584, 7585, 7588, 7592, 7593, 7595, 7596, 7597, 7598, 7600, 7604, 7606, 7610, 7614, 7615, 7618, 7619, 7620, 7621, 7624, 7625, 7627, 7631, 7632, 7633, 7635, 7636, 7640, 7642, 7643, 7645, 7647, 7648, 7650, 7651, 7652, 7654, 7658, 7660, 7662, 7665, 7666, 7667, 7668, 7671, 7673, 7675, 7676, 7679, 7682, 7685, 7687, 7689, 7696, 7699, 7700, 7705, 7706, 7707, 7709, 7710, 7711, 7713, 7714, 7716, 7718, 7719, 7721, 7722, 7724, 7726, 7727, 7728, 7729, 7730, 7731, 7732, 7733, 7735, 7736, 7737, 7738, 7739, 7740, 7741, 7742, 7743, 7745, 7746, 7747, 7748, 7750, 7751, 7752, 7753, 7754, 7755, 7756, 7757, 7758, 7759, 7760, 7761, 7762, 7763, 7765, 7767, 7768, 7769, 7770, 7771, 7772, 7773, 7774, 7775, 7776, 7777, 7778, 7779, 7780, 7781, 7782, 7783, 7785, 7786, 7788, 7790, 7791, 7793, 7795, 7804, 7805, 7806, 7807, 7808, 7809, 7810, 7811, 7812, 7813, 7814, 7815, 7816, 7817, 7818, 7819, 7820, 7821, 7822, 7823, 7825, 7828, 7829, 7830, 7832, 7833, 7834, 7835, 7836, 7837, 7838, 7839, 7840, 7841, 7842, 7846, 7851, 7858, 7872, 7879, 7885, 7892, 7894, 7905]
Representative column 15 represents columns [15, 23, 24, 36, 39, 57, 69, 78, 81, 84, 86, 87, 88, 93, 101, 103, 107, 112, 113, 120, 125, 132, 133, 139, 148, 154, 169, 170, 176, 183, 190, 195, 197, 198, 199, 201, 202, 206, 219, 220, 222, 223, 225, 230, 234, 248, 273, 277, 282, 284, 285, 286, 291, 292, 299, 304, 306, 311, 313, 314, 317, 321, 324, 326, 327, 328, 337, 340, 348, 353, 356, 357, 366, 371, 389, 402, 404, 407, 410, 415, 419, 422, 427, 446, 447, 449, 450, 451, 457, 458, 467, 472, 473, 476, 478, 484, 485, 488, 492, 511, 513, 524, 525, 533, 534, 535, 539, 540, 542, 543, 545, 548, 550, 552, 554, 555, 563, 565, 567, 570, 576, 578, 581, 582, 583, 585, 587, 590, 593, 598, 604, 609, 610, 612, 614, 617, 623, 625, 628, 631, 632, 640, 641, 642, 643, 646, 647, 649, 650, 654, 656, 659, 660, 661, 665, 667, 673, 677, 679, 683, 684, 686, 687, 691, 692, 694, 698, 701, 704, 706, 709, 712, 713, 723, 725, 736, 740, 743, 748, 749, 758, 775, 777, 780, 781, 785, 786, 808, 809, 810, 812, 820, 822, 827, 828, 836, 840, 843, 846, 848, 849, 858, 865, 866, 871, 880, 887, 893, 922, 934, 938, 952, 956, 961, 965, 967, 969, 974, 975, 978, 985, 989, 1003, 1015, 1016, 1017, 1018, 1019, 1026, 1028, 1029, 1031, 1037, 1045, 1046, 1047, 1050, 1053, 1054, 1058, 1059, 1066, 1071, 1076, 1081, 1088, 1091, 1095, 1102, 1118, 1122, 1126, 1128, 1129, 1131, 1133, 1135, 1141, 1148, 1149, 1156, 1159, 1169, 1186, 1215, 1217, 1226, 1229, 1233, 1238, 1242, 1244, 1246, 1247, 1249, 1251, 1260, 1261, 1265, 1274, 1281, 1286, 1287, 1297, 1302, 1303, 1309, 1314, 1318, 1324, 1330, 1332, 1334, 1344, 1347, 1354, 1386, 1398, 1400, 1405, 1407, 1409, 1416, 1422, 1423, 1435, 1437, 1439, 1446, 1447, 1451, 1452, 1453, 1454, 1455, 1456, 1458, 1460, 1462, 1465, 1467, 1470, 1474, 1476, 1477, 1478, 1483, 1486, 1492, 1493, 1504, 1505, 1509, 1514, 1520, 1522, 1527, 1529, 1533, 1535, 1538, 1541, 1543, 1553, 1564, 1570, 1571, 1578, 1580, 1581, 1584, 1585, 1586, 1588, 1589, 1590, 1595, 1598, 1604, 1605, 1611, 1613, 1619, 1620, 1621, 1624, 1630, 1632, 1637, 1640, 1645, 1646, 1653, 1658, 1662, 1663, 1666, 1667, 1672, 1674, 1675, 1677, 1678, 1682, 1686, 1689, 1698, 1700, 1710, 1719, 1721, 1725, 1726, 1727, 1733, 1748, 1761, 1762, 1763, 1764, 1765, 1768, 1770, 1774, 1776, 1777, 1778, 1781, 1782, 1783, 1784, 1788, 1789, 1790, 1791, 1794, 1796, 1803, 1804, 1807, 1810, 1811, 1812, 1813, 1814, 1817, 1818, 1819, 1821, 1831, 1832, 1833, 1837, 1849, 1852, 1855, 1857, 1859, 1864, 1866, 1870, 1871, 1873, 1874, 1879, 1882, 1884, 1894, 1895, 1903, 1915, 1916, 1920, 1924, 1925, 1928, 1933, 1934, 1937, 1939, 1940, 1953, 1970, 1979, 1980, 1985, 1987, 1988, 1993, 2010, 2011, 2015, 2023, 2024, 2028, 2030, 2036, 2038, 2041, 2042, 2043, 2045, 2052, 2057, 2060, 2067, 2068, 2095, 2099, 2101, 2107, 2110, 2112, 2118, 2121, 2134, 2138, 2142, 2146, 2147, 2155, 2165, 2167, 2168, 2181, 2184, 2188, 2189, 2198, 2204, 2210, 2211, 2212, 2217, 2219, 2225, 2227, 2235, 2250, 2269, 2270, 2271, 2311, 2326, 2336, 2340, 2347, 2348, 2353, 2357, 2358, 2364, 2365, 2367, 2368, 2376, 2432, 2438, 2452, 2456, 2457, 2462, 2468, 2474, 2476, 2481, 2485, 2487, 2489, 2490, 2497, 2501, 2502, 2504, 2511, 2512, 2534, 2535, 2536, 2543, 2558, 2573, 2579, 2601, 2604, 2609, 2610, 2617, 2619, 2628, 2633, 2635, 2638, 2639, 2640, 2643, 2644, 2645, 2647, 2648, 2649, 2652, 2653, 2654, 2657, 2658, 2661, 2665, 2666, 2667, 2668, 2669, 2671, 2673, 2675, 2678, 2680, 2682, 2683, 2685, 2687, 2690, 2691, 2692, 2693, 2694, 2701, 2702, 2706, 2707, 2709, 2719, 2725, 2731, 2737, 2738, 2739, 2740, 2743, 2748, 2751, 2754, 2755, 2757, 2758, 2759, 2760, 2762, 2772, 2780, 2785, 2793, 2794, 2803, 2809, 2810, 2815, 2817, 2819, 2821, 2822, 2826, 2836, 2838, 2839, 2840, 2841, 2843, 2844, 2845, 2863, 2877, 2886, 2887, 2905, 2911, 2913, 2916, 2919, 2922, 2923, 2931, 2934, 2941, 2942, 2943, 2956, 2959, 2968, 2972, 2973, 2976, 3003, 3013, 3016, 3021, 3032, 3040, 3049, 3058, 3059, 3060, 3066, 3074, 3082, 3089, 3091, 3094, 3100, 3101, 3102, 3103, 3105, 3106, 3107, 3112, 3126, 3130, 3134, 3141, 3150, 3154, 3157, 3158, 3159, 3161, 3166, 3167, 3168, 3169, 3170, 3252, 3254, 3256, 3258, 3265, 3275, 3279, 3288, 3293, 3298, 3300, 3308, 3322, 3324, 3328, 3330, 3333, 3336, 3345, 3348, 3353, 3362, 3365, 3366, 3367, 3369, 3370, 3371, 3374, 3377, 3379, 3382, 3385, 3388, 3394, 3396, 3400, 3405, 3406, 3410, 3416, 3419, 3422, 3429, 3433, 3438, 3439, 3440, 3442, 3443, 3444, 3446, 3447, 3448, 3449, 3475, 3503, 3506, 3507, 3508, 3510, 3511, 3512, 3513, 3554, 3566, 3572, 3576, 3577, 3578, 3595, 3606, 3613, 3614, 3616, 3617, 3625, 3626, 3634, 3635, 3669, 3672, 3674, 3678, 3686, 3690, 3692, 3695, 3701, 3704, 3713, 3715, 3740, 3741, 3742, 3743, 3744, 3745, 3751, 3753, 3757, 3763, 3766, 3774, 3776, 3781, 3790, 3791, 3793, 3794, 3798, 3809, 3821, 3830, 3839, 3871, 3872, 3876, 3877, 3883, 3889, 3893, 3908, 3915, 3925, 3927, 3931, 3935, 3940, 3945, 3955, 3962, 3963, 3975, 3979, 3980, 3981, 3982, 3983, 3992, 4012, 4020, 4021, 4039, 4053, 4054, 4057, 4059, 4062, 4063, 4069, 4073, 4083, 4094, 4097, 4100, 4103, 4104, 4108, 4113, 4114, 4116, 4124, 4125, 4127, 4128, 4130, 4140, 4142, 4143, 4146, 4149, 4150, 4151, 4153, 4158, 4159, 4181, 4184, 4186, 4188, 4190, 4195, 4200, 4203, 4204, 4205, 4208, 4210, 4215, 4217, 4241, 4245, 4253, 4256, 4265, 4287, 4293, 4297, 4301, 4302, 4304, 4305, 4309, 4313, 4315, 4330, 4332, 4333, 4334, 4337, 4338, 4339, 4340, 4343, 4344, 4346, 4347, 4351, 4356, 4359, 4361, 4362, 4363, 4367, 4369, 4375, 4377, 4381, 4384, 4391, 4404, 4416, 4438, 4459, 4462, 4467, 4468, 4471, 4476, 4479, 4482, 4491, 4492, 4493, 4494, 4495, 4498, 4499, 4505, 4512, 4515, 4516, 4517, 4519, 4535, 4536, 4540, 4542, 4551, 4556, 4564, 4567, 4570, 4574, 4577, 4585, 4595, 4597, 4599, 4600, 4604, 4605, 4615, 4619, 4621, 4625, 4626, 4627, 4639, 4659, 4663, 4667, 4669, 4671, 4673, 4674, 4675, 4678, 4681, 4682, 4686, 4691, 4692, 4696, 4700, 4704, 4712, 4722, 4724, 4732, 4745, 4757, 4758, 4768, 4781, 4807, 4808, 4809, 4813, 4815, 4816, 4823, 4828, 4831, 4835, 4839, 4844, 4845, 4847, 4848, 4849, 4853, 4859, 4867, 4871, 4880, 4881, 4885, 4887, 4888, 4889, 4893, 4896, 4901, 4905, 4906, 4908, 4910, 4911, 4913, 4920, 4921, 4923, 4924, 4928, 4929, 4937, 4940, 4948, 4950, 4957, 4961, 4964, 4965, 4969, 4971, 4972, 4984, 4987, 4988, 4990, 4991, 4992, 4997, 5002, 5003, 5011, 5015, 5018, 5021, 5027, 5029, 5035, 5038, 5041, 5042, 5044, 5047, 5052, 5057, 5059, 5074, 5078, 5081, 5083, 5084, 5087, 5097, 5099, 5100, 5102, 5105, 5119, 5131, 5134, 5136, 5138, 5139, 5141, 5142, 5145, 5146, 5153, 5166, 5178, 5179, 5181, 5184, 5185, 5186, 5191, 5202, 5210, 5211, 5218, 5221, 5222, 5246, 5294, 5297, 5299, 5306, 5335, 5338, 5341, 5342, 5352, 5355, 5371, 5383, 5384, 5386, 5387, 5393, 5398, 5403, 5409, 5415, 5416, 5417, 5420, 5423, 5424, 5426, 5441, 5442, 5445, 5449, 5450, 5452, 5457, 5463, 5464, 5466, 5467, 5469, 5475, 5486, 5490, 5496, 5497, 5498, 5505, 5510, 5515, 5516, 5519, 5522, 5523, 5526, 5527, 5535, 5543, 5545, 5546, 5549, 5551, 5553, 5558, 5559, 5560, 5561, 5566, 5571, 5605, 5607, 5612, 5617, 5618, 5619, 5622, 5623, 5627, 5628, 5632, 5637, 5639, 5642, 5643, 5644, 5645, 5648, 5649, 5650, 5658, 5667, 5677, 5682, 5683, 5684, 5690, 5693, 5704, 5706, 5715, 5717, 5718, 5719, 5725, 5729, 5732, 5737, 5739, 5740, 5741, 5742, 5743, 5753, 5759, 5764, 5778, 5781, 5783, 5784, 5787, 5791, 5801, 5802, 5805, 5808, 5812, 5813, 5814, 5822, 5826, 5828, 5829, 5842, 5858, 5863, 5865, 5867, 5878, 5881, 5883, 5884, 5885, 5890, 5893, 5894, 5895, 5896, 5897, 5899, 5907, 5909, 5911, 5912, 5913, 5914, 5920, 5922, 5924, 5927, 5928, 5935, 5936, 5937, 5938, 5939, 5941, 5951, 5953, 5954, 5955, 5956, 5969, 5973, 5976, 5981, 5985, 5986, 5987, 5988, 5989, 6001, 6002, 6005, 6007, 6013, 6014, 6015, 6016, 6017, 6018, 6019, 6020, 6033, 6034, 6035, 6036, 6037, 6038, 6039, 6040, 6041, 6042, 6043, 6044, 6045, 6046, 6048, 6049, 6050, 6051, 6052, 6053, 6054, 6055, 6056, 6070, 6072, 6085, 6094, 6097, 6101, 6102, 6103, 6104, 6105, 6106, 6107, 6108, 6109, 6110, 6111, 6112, 6113, 6114, 6115, 6117, 6122, 6139, 6140, 6141, 6142, 6143, 6144, 6145, 6146, 6147, 6148, 6149, 6150, 6151, 6152, 6154, 6155, 6156, 6158, 6159, 6160, 6161, 6162, 6175, 6176, 6177, 6178, 6179, 6180, 6181, 6182, 6183, 6184, 6215, 6217, 6218, 6221, 6224, 6226, 6228, 6231, 6234, 6236, 6250, 6253, 6256, 6257, 6262, 6264, 6270, 6275, 6277, 6281, 6295, 6306, 6320, 6321, 6326, 6327, 6361, 6362, 6365, 6366, 6373, 6374, 6377, 6379, 6380, 6381, 6384, 6385, 6386, 6387, 6388, 6389, 6390, 6391, 6392, 6393, 6396, 6397, 6398, 6399, 6400, 6401, 6402, 6403, 6404, 6405, 6407, 6408, 6409, 6410, 6411, 6412, 6413, 6419, 6425, 6485, 6492, 6496, 6497, 6498, 6499, 6507, 6509, 6510, 6516, 6517, 6530, 6531, 6535, 6536, 6539, 6540, 6543, 6545, 6546, 6547, 6548, 6549, 6550, 6556, 6584, 6588, 6589, 6592, 6593, 6595, 6601, 6606, 6607, 6610, 6611, 6612, 6617, 6620, 6626, 6627, 6636, 6639, 6643, 6644, 6650, 6655, 6656, 6657, 6665, 6668, 6672, 6673, 6679, 6687, 6688, 6698, 6699, 6701, 6704, 6705, 6723, 6729, 6732, 6734, 6740, 6741, 6744, 6755, 6761, 6765, 6766, 6767, 6771, 6773, 6780, 6781, 6783, 6785, 6787, 6788, 6789, 6794, 6798, 6803, 6804, 6810, 6811, 6813, 6817, 6824, 6834, 6844, 6845, 6846, 6856, 6857, 6859, 6862, 6863, 6866, 6870, 6872, 6875, 6876, 6877, 6878, 6880, 6882, 6883, 6884, 6886, 6891, 6897, 6902, 6921, 6925, 6928, 6933, 6937, 6938, 6939, 6952, 6953, 6955, 6961, 6963, 6964, 6967, 6968, 6971, 6973, 6974, 6977, 6980, 6990, 6993, 7002, 7008, 7009, 7011, 7014, 7015, 7017, 7021, 7034, 7035, 7036, 7041, 7044, 7048, 7051, 7052, 7066, 7084, 7100, 7101, 7107, 7109, 7110, 7121, 7125, 7129, 7132, 7134, 7147, 7154, 7155, 7160, 7162, 7170, 7176, 7182, 7183, 7184, 7185, 7186, 7188, 7189, 7199, 7201, 7202, 7203, 7204, 7216, 7220, 7247, 7254, 7255, 7258, 7262, 7264, 7265, 7270, 7271, 7272, 7298, 7305, 7310, 7312, 7313, 7315, 7317, 7324, 7328, 7329, 7330, 7332, 7334, 7335, 7342, 7368, 7382, 7384, 7408, 7410, 7412, 7415, 7417, 7419, 7426, 7430, 7431, 7442, 7443, 7444, 7449, 7458, 7468, 7469, 7480, 7502, 7512, 7515, 7518, 7521, 7522, 7525, 7528, 7530, 7531, 7542, 7543, 7556, 7566, 7569, 7582, 7583, 7590, 7599, 7601, 7602, 7605, 7607, 7609, 7611, 7612, 7613, 7617, 7622, 7623, 7626, 7628, 7629, 7630, 7637, 7638, 7641, 7644, 7646, 7649, 7655, 7657, 7661, 7663, 7664, 7669, 7670, 7672, 7674, 7678, 7681, 7683, 7684, 7688, 7690, 7691, 7692, 7693, 7695, 7697, 7702, 7703, 7704, 7708, 7712, 7717, 7720, 7723, 7725, 7734, 7744, 7749, 7764, 7766, 7784, 7794, 7801, 7824, 7826, 7827, 7831, 7849, 7852, 7856, 7857, 7863, 7865, 7868, 7873, 7886, 7888, 7889, 7891, 7893, 7895, 7900]
Representative column 18 represents columns [18, 26, 29, 40, 55, 155, 163, 164, 177, 184, 231, 247, 271, 288, 320, 331, 350, 385, 416, 428, 433, 438, 441, 444, 466, 491, 507, 630, 676, 696, 727, 733, 779, 789, 823, 867, 886, 917, 1012, 1021, 1024, 1041, 1223, 1252, 1264, 1290, 1293, 1326, 1353, 1443, 1445, 1488, 1491, 1503, 1515, 1524, 1531, 1551, 1592, 1615, 1616, 1617, 1625, 1671, 1714, 1723, 1754, 1769, 1775, 1798, 1806, 1836, 1842, 1844, 1850, 1863, 1936, 1969, 2020, 2022, 2026, 2044, 2064, 2111, 2133, 2185, 2186, 2343, 2361, 2453, 2503, 2537, 2556, 2600, 2614, 2632, 2689, 2746, 2779, 2811, 2820, 2862, 2885, 3039, 3044, 3057, 3062, 3131, 3137, 3297, 3358, 3368, 3602, 3729, 3738, 3739, 3838, 3845, 3924, 3941, 3978, 4023, 4064, 4092, 4096, 4138, 4176, 4177, 4187, 4196, 4198, 4201, 4209, 4213, 4303, 4368, 4385, 4465, 4503, 4537, 4558, 4568, 4594, 4616, 4647, 4652, 4672, 4684, 4818, 4890, 4895, 4919, 4927, 4931, 4954, 4960, 4963, 4968, 4998, 5020, 5031, 5048, 5088, 5183, 5189, 5192, 5206, 5214, 5404, 5418, 5458, 5468, 5483, 5506, 5517, 5524, 5536, 5537, 5550, 5554, 5567, 5630, 5686, 5712, 5716, 5726, 5730, 5738, 5851, 5940, 5948, 5949, 5950, 5952, 5970, 5974, 5978, 5982, 5983, 5984, 6003, 6004, 6009, 6010, 6012, 6047, 6082, 6157, 6248, 6255, 6276, 6347, 6359, 6395, 6429, 6462, 6465, 6481, 6483, 6511, 6515, 6529, 6532, 6534, 6538, 6557, 6567, 6599, 6706, 6717, 6756, 6818, 6896, 6901, 6908, 6930, 6936, 6965, 7013, 7018, 7027, 7032, 7046, 7118, 7141, 7161, 7180, 7198, 7208, 7221, 7297, 7316, 7318, 7326, 7371, 7383, 7414, 7416, 7428, 7454, 7500, 7514, 7587, 7591, 7616, 7656, 7677, 7686, 7698, 7701, 7715]
Representative column 31 represents columns [31, 2475, 2570, 3564, 4598]
Representative column 33 represents columns [33, 1042, 4300, 4366]
Representative column 34 represents columns [34, 6762]
Representative column 41 represents columns [41, 2566]
Representative column 42 represents columns [42, 2567]
Representative column 43 represents columns [43, 2079]
Representative column 44 represents columns [44, 2080]
Representative column 49 represents columns [49, 2083]
Representative column 50 represents columns [50, 2084, 5241]
Representative column 59 represents columns [59, 74, 115, 128, 143, 186, 243, 275, 336, 429, 440, 455, 489, 508, 1958, 1967, 1995, 2005, 3047, 3579, 3594, 3658, 3736, 3750, 3812, 4239, 5079, 5368, 5382, 5395, 5402, 5414, 5422, 5485, 5509, 5521, 5533, 5539, 5548, 5557, 5563, 6728, 6948, 6982]
Representative column 60 represents columns [60, 75, 129, 144, 187, 249, 276, 339, 454, 495, 514, 1959, 1968, 2017, 3582, 3749, 4243, 5167, 5375, 5407, 5428, 5520, 5538, 5556, 5568, 6735, 6957, 6984]
Representative column 63 represents columns [63, 77, 131, 146, 189, 338, 471, 4240, 6983]
Representative column 76 represents columns [76, 246, 2469, 6951]
Representative column 89 represents columns [89, 108, 1023, 1255, 1357, 1963, 1990, 2027, 2461, 3163, 4607, 4861, 5454]
Representative column 91 represents columns [91, 636, 1069, 1137, 2072, 3084, 3151, 3563, 3865, 4110, 4120, 4123, 4199, 4263, 4290, 4461, 4657, 5228, 5635, 6282, 7135, 7453, 7527, 7870]
Representative column 96 represents columns [96, 138, 263, 295, 726, 730, 751, 755, 765, 788, 800, 850, 856, 940, 1000, 1086, 1155, 1166, 1174, 1188, 1203, 1239, 1325, 1343, 1366, 1373, 1384, 1420, 1426, 1431, 1481, 1609, 1759, 1825, 1913, 1947, 2031, 2055, 2086, 2100, 2105, 2163, 2180, 2260, 2333, 2351, 2381, 2402, 2451, 2493, 2522, 2562, 2586, 2605, 2620, 2627, 2712, 2728, 2850, 2870, 2872, 2888, 2903, 2906, 2908, 3007, 3018, 3027, 3036, 3064, 3067, 3110, 3121, 3178, 3185, 3463, 3493, 3495, 3527, 3551, 3583, 3589, 3640, 3660, 3725, 3817, 3823, 3827, 3933, 3970, 4266, 4274, 4278, 4298, 4323, 4522, 4546, 4612, 4632, 4806, 5227, 5376, 5389, 5429, 5433, 5673, 5695, 5708, 5721, 5747, 5962, 5992, 6026, 6063, 6096, 6134, 6169, 6208, 6559, 6564, 6724, 7054, 7057, 7060, 7069, 7087, 7093, 7250, 7280, 7303, 7306, 7345, 7354, 7358, 7365, 7378, 7400, 7535, 7802]
Representative column 116 represents columns [116, 1996, 3050, 3596, 3659, 3759, 5388, 5401, 5421, 5500, 5529, 5547, 5562]
Representative column 121 represents columns [121, 124, 770, 2259, 2312, 2429, 4082, 4244, 7102]
Representative column 145 represents columns [145, 448, 490, 1994, 3048, 3642, 3752, 5400, 5541, 6954]
Representative column 159 represents columns [159, 179]
Representative column 160 represents columns [160, 180]
Representative column 162 represents columns [162, 973]
Representative column 165 represents columns [165, 2313]
Representative column 182 represents columns [182, 954]
Representative column 211 represents columns [211, 235]
Representative column 250 represents columns [250, 964, 7173, 7192]
Representative column 254 represents columns [254, 2853]
Representative column 255 represents columns [255, 7191, 7209]
Representative column 257 represents columns [257, 396, 1144, 1526]
Representative column 261 represents columns [261, 393, 1519]
Representative column 264 represents columns [264, 732, 752, 857, 2264, 2382, 2403, 2569, 2907, 3068, 3122, 3179, 3186, 3464, 3494, 3528, 3552, 3953, 4276, 4324, 6209, 7094, 7304, 7349, 7357, 7803]
Representative column 269 represents columns [269, 1282]
Representative column 274 represents columns [274, 423, 1277]
Representative column 278 represents columns [278, 452, 493, 512, 2016, 2349, 3570, 3580, 4509, 5373, 5405, 6730, 6950]
Representative column 281 represents columns [281, 1955, 1986, 2009]
Representative column 293 represents columns [293, 987, 1582, 2305, 4312, 4357, 4579, 6482, 6708, 7163, 7211]
Representative column 307 represents columns [307, 4231]
Representative column 322 represents columns [322, 355, 816, 918, 7459]
Representative column 323 represents columns [323, 5461]
Representative column 330 represents columns [330, 364]
Representative column 333 represents columns [333, 367, 5381]
Representative column 334 represents columns [334, 6635]
Representative column 335 represents columns [335, 926]
Representative column 341 represents columns [341, 372]
Representative column 344 represents columns [344, 375]
Representative column 345 represents columns [345, 376]
Representative column 347 represents columns [347, 378]
Representative column 349 represents columns [349, 380]
Representative column 352 represents columns [352, 382, 3888]
Representative column 368 represents columns [368, 559, 797, 830, 1049, 4065, 5807, 7461]
Representative column 369 represents columns [369, 6664]
Representative column 370 represents columns [370, 831]
Representative column 383 represents columns [383, 5367, 6680]
Representative column 390 represents columns [390, 1061, 1096, 1359, 3601, 3612, 4566, 4902, 5204, 5671, 6754, 7466, 7493]
Representative column 394 represents columns [394, 400]
Representative column 406 represents columns [406, 6091]
Representative column 408 represents columns [408, 4319, 6092]
Representative column 409 represents columns [409, 3761, 4654, 5230, 6093, 7168]
Representative column 414 represents columns [414, 7076]
Representative column 439 represents columns [439, 456]
Representative column 469 represents columns [469, 480]
Representative column 470 represents columns [470, 481]
Representative column 497 represents columns [497, 503]
Representative column 501 represents columns [501, 1232]
Representative column 515 represents columns [515, 787, 5653, 7267]
Representative column 522 represents columns [522, 753, 891]
Representative column 523 represents columns [523, 754, 892]
Representative column 626 represents columns [626, 5947, 7320, 7854]
Representative column 627 represents columns [627, 5337, 5626, 5861, 5926, 6077, 6621, 6940, 7022]
Representative column 637 represents columns [637, 7193]
Representative column 731 represents columns [731, 7844]
Representative column 739 represents columns [739, 2564]
Representative column 761 represents columns [761, 992]
Representative column 795 represents columns [795, 1212, 2380, 2449, 5347, 5377, 5390, 7278, 7350]
Representative column 807 represents columns [807, 7276]
Representative column 819 represents columns [819, 6666]
Representative column 825 represents columns [825, 1007, 3918, 7867]
Representative column 833 represents columns [833, 2374]
Representative column 834 represents columns [834, 839, 1211, 2375, 2379, 4514, 5844]
Representative column 835 represents columns [835, 2377]
Representative column 837 represents columns [837, 2223]
Representative column 845 represents columns [845, 2431, 5171]
Representative column 847 represents columns [847, 2433, 5172]
Representative column 864 represents columns [864, 877, 3586]
Representative column 875 represents columns [875, 2182, 2727]
Representative column 876 represents columns [876, 2726]
Representative column 882 represents columns [882, 990, 1110, 1997, 2001, 2033, 2205, 2221, 2572, 2623, 5675]
Representative column 901 represents columns [901, 5438]
Representative column 911 represents columns [911, 5394]
Representative column 912 represents columns [912, 2330]
Representative column 913 represents columns [913, 2331]
Representative column 915 represents columns [915, 2332]
Representative column 927 represents columns [927, 2593]
Representative column 936 represents columns [936, 7364]
Representative column 946 represents columns [946, 2498]
Representative column 953 represents columns [953, 972, 1116, 1304]
Representative column 957 represents columns [957, 976]
Representative column 958 represents columns [958, 977]
Representative column 963 represents columns [963, 983]
Representative column 995 represents columns [995, 1199, 4329]
Representative column 996 represents columns [996, 3498]
Representative column 1030 represents columns [1030, 2320]
Representative column 1048 represents columns [1048, 1414]
Representative column 1079 represents columns [1079, 1098, 2852]
Representative column 1097 represents columns [1097, 2873, 7205]
Representative column 1101 represents columns [1101, 2878]
Representative column 1125 represents columns [1125, 6760]
Representative column 1132 represents columns [1132, 1523]
Representative column 1139 represents columns [1139, 4560]
Representative column 1180 represents columns [1180, 2557, 4586]
Representative column 1204 represents columns [1204, 3009, 3028]
Representative column 1206 represents columns [1206, 2805, 3012, 3022, 3031, 3038]
Representative column 1208 represents columns [1208, 3015]
Representative column 1241 represents columns [1241, 7225]
Representative column 1262 represents columns [1262, 1507, 1712, 1760, 1914, 2032, 2183, 7366]
Representative column 1268 represents columns [1268, 1513]
Representative column 1331 represents columns [1331, 2059]
Representative column 1335 represents columns [1335, 1923, 4496]
Representative column 1341 represents columns [1341, 1622, 1960, 2585, 2603, 2618, 2814, 4601, 4778, 5380, 5448, 6477, 6769]
Representative column 1376 represents columns [1376, 1950, 2265, 2732, 4233, 5501, 6714, 7219, 7882]
Representative column 1402 represents columns [1402, 4538, 6946]
Representative column 1425 represents columns [1425, 1430, 3735]
Representative column 1463 represents columns [1463, 1599, 1669]
Representative column 1715 represents columns [1715, 1938]
Representative column 1802 represents columns [1802, 4836, 4977]
Representative column 1917 represents columns [1917, 7352]
Representative column 1957 represents columns [1957, 3792]
Representative column 2018 represents columns [2018, 6819, 6958]
Representative column 2019 represents columns [2019, 6959]
Representative column 2066 represents columns [2066, 2422, 2525, 5530]
Representative column 2069 represents columns [2069, 2424, 2527, 5532]
Representative column 2087 represents columns [2087, 2565]
Representative column 2187 represents columns [2187, 6809]
Representative column 2237 represents columns [2237, 5762, 5772, 5775, 5834, 5838]
Representative column 2274 represents columns [2274, 6311, 6368, 6428]
Representative column 2327 represents columns [2327, 7396, 7901]
Representative column 2335 represents columns [2335, 5432]
Representative column 2339 represents columns [2339, 2345, 2356, 2363]
Representative column 2344 represents columns [2344, 2369]
Representative column 2346 represents columns [2346, 2359, 2724, 3575, 3581, 4508, 5372, 5534, 5552]
Representative column 2350 represents columns [2350, 2362]
Representative column 2414 represents columns [2414, 3814]
Representative column 2423 represents columns [2423, 2526, 3557, 5531]
Representative column 2434 represents columns [2434, 2437]
Representative column 2440 represents columns [2440, 5238]
Representative column 2450 represents columns [2450, 5444, 6821]
Representative column 2460 represents columns [2460, 7787]
Representative column 2477 represents columns [2477, 2571, 2808, 7445, 7463]
Representative column 2545 represents columns [2545, 5378, 5392]
Representative column 2582 represents columns [2582, 2626]
Representative column 2588 represents columns [2588, 3010, 3029, 4635]
Representative column 2716 represents columns [2716, 2787, 4629]
Representative column 2720 represents columns [2720, 3569, 7902]
Representative column 2721 represents columns [2721, 7887]
Representative column 2722 represents columns [2722, 3573]
Representative column 2761 represents columns [2761, 4834, 6572]
Representative column 2766 represents columns [2766, 7227]
Representative column 2790 represents columns [2790, 5576]
Representative column 2856 represents columns [2856, 5678, 5734]
Representative column 2859 represents columns [2859, 5680, 5728, 5972]
Representative column 2860 represents columns [2860, 5681]
Representative column 2864 represents columns [2864, 5685]
Representative column 2866 represents columns [2866, 2883, 5714, 5736]
Representative column 2868 represents columns [2868, 5689]
Representative column 2871 represents columns [2871, 5674, 5696, 7055]
Representative column 2879 represents columns [2879, 5711]
Representative column 2880 represents columns [2880, 5733, 5977]
Representative column 2881 represents columns [2881, 7291]
Representative column 2882 represents columns [2882, 5713, 5735, 5979]
Representative column 2889 represents columns [2889, 5709, 5722, 7058]
Representative column 2891 represents columns [2891, 3052]
Representative column 2892 represents columns [2892, 3053]
Representative column 2893 represents columns [2893, 3054]
Representative column 2904 represents columns [2904, 5748, 5963, 5993, 7061]
Representative column 3034 represents columns [3034, 3045]
Representative column 3065 represents columns [3065, 6027, 7070]
Representative column 3079 represents columns [3079, 5629]
Representative column 3111 represents columns [3111, 6135, 7088]
Representative column 3145 represents columns [3145, 7853]
Representative column 3146 represents columns [3146, 3403, 7050, 7455, 7653]
Representative column 3259 represents columns [3259, 6463, 6464]
Representative column 3262 represents columns [3262, 6467]
Representative column 3361 represents columns [3361, 6461]
Representative column 3567 represents columns [3567, 3880, 4785, 4800, 5168, 5224, 7479]
Representative column 3568 represents columns [3568, 4786, 4801, 5169]
Representative column 3571 represents columns [3571, 5620]
Representative column 3605 represents columns [3605, 3627]
Representative column 3615 represents columns [3615, 3636]
Representative column 3618 represents columns [3618, 3637]
Representative column 3621 represents columns [3621, 7796, 7859]
Representative column 3671 represents columns [3671, 6727]
Representative column 3816 represents columns [3816, 3859]
Representative column 3863 represents columns [3863, 4259]
Representative column 3875 represents columns [3875, 5480]
Representative column 3905 represents columns [3905, 3913, 3920, 3954, 3966, 3973]
Representative column 3912 represents columns [3912, 3932]
Representative column 3977 represents columns [3977, 3997]
Representative column 3993 represents columns [3993, 4000]
Representative column 4040 represents columns [4040, 4782]
Representative column 4085 represents columns [4085, 4131]
Representative column 4086 represents columns [4086, 4132]
Representative column 4087 represents columns [4087, 4133, 7505]
Representative column 4089 represents columns [4089, 4135, 7507]
Representative column 4090 represents columns [4090, 4136]
Representative column 4098 represents columns [4098, 7516]
Representative column 4115 represents columns [4115, 4129, 7532]
Representative column 4218 represents columns [4218, 4292]
Representative column 4219 represents columns [4219, 4284, 4317]
Representative column 4246 represents columns [4246, 5250]
Representative column 4247 represents columns [4247, 5251]
Representative column 4325 represents columns [4325, 5406, 5964]
Representative column 4354 represents columns [4354, 7223]
Representative column 4464 represents columns [4464, 4507]
Representative column 4483 represents columns [4483, 4518]
Representative column 4550 represents columns [4550, 4638, 6583, 7062, 7104, 7391]
Representative column 4553 represents columns [4553, 4642]
Representative column 4571 represents columns [4571, 4660]
Representative column 4573 represents columns [4573, 4662]
Representative column 4578 represents columns [4578, 7268]
Representative column 4653 represents columns [4653, 7077]
Representative column 4879 represents columns [4879, 5012]
Representative column 5068 represents columns [5068, 7117]
Representative column 5193 represents columns [5193, 7367]
Representative column 5245 represents columns [5245, 6600, 6996, 7042, 7071, 7374]
Representative column 5344 represents columns [5344, 7138]
Representative column 5359 represents columns [5359, 5364]
Representative column 5425 represents columns [5425, 5565, 6731]
Representative column 5503 represents columns [5503, 6216]
Representative column 5624 represents columns [5624, 5751]
Representative column 5672 represents columns [5672, 5705]
Representative column 5679 represents columns [5679, 5727, 5971]
Representative column 5688 represents columns [5688, 5980]
Representative column 5731 represents columns [5731, 5975, 6348]
Representative column 5761 represents columns [5761, 5770, 5836, 5932]
Representative column 5767 represents columns [5767, 7230]
Representative column 5776 represents columns [5776, 5835]
Representative column 5837 represents columns [5837, 5910]
Representative column 5866 represents columns [5866, 5925, 6622, 6941]
Representative column 5942 represents columns [5942, 6008]
Representative column 5943 represents columns [5943, 7314]
Representative column 5965 represents columns [5965, 6028]
Representative column 5966 represents columns [5966, 6029]
Representative column 6064 represents columns [6064, 6170]
Representative column 6153 represents columns [6153, 6537]
Representative column 6493 represents columns [6493, 6528, 6563, 7452]
Representative column 6495 represents columns [6495, 7456]
Representative column 6558 represents columns [6558, 7457]
Representative column 6568 represents columns [6568, 7307]
Representative column 6587 represents columns [6587, 6652, 7108, 7394]
Representative column 6604 represents columns [6604, 6682, 7007, 7045, 7377]
Representative column 6623 represents columns [6623, 6942]
Representative column 6630 represents columns [6630, 6945]
Representative column 6634 represents columns [6634, 6663]
Representative column 6638 represents columns [6638, 6667]
Representative column 6640 represents columns [6640, 6669]
Representative column 6642 represents columns [6642, 6671]
Representative column 6645 represents columns [6645, 6674]
Representative column 6646 represents columns [6646, 6675]
Representative column 6651 represents columns [6651, 6681]
Representative column 6659 represents columns [6659, 6713]
Representative column 6736 represents columns [6736, 6822]
Representative column 6806 represents columns [6806, 6913, 6923]
Representative column 7064 represents columns [7064, 7073]
Representative column 7067 represents columns [7067, 7082]
Representative column 7261 represents columns [7261, 7273]
Representative column 7266 represents columns [7266, 7275]
Representative column 7375 represents columns [7375, 7392]
Representative column 7464 represents columns [7464, 7492]
Representative column 7848 represents columns [7848, 7861]
Representative column 7855 represents columns [7855, 7864]

 🔍 Comparing columns for Hamming similarity...
🔢 Total Columns: 7908
📊 Number of Similarity Groups Found: 276
🔁 Total Grouped Columns: 6018
🔓 Ungrouped Columns: 1890
✅ Final Feature Count After Reduction: 2166
 📊 Group size bar plot saved to: /storage/home/yqf5148/work/volvoPennState/code/similar_column_group_sizes(99% similarity threshold).png
 📈 Group size histogram saved to: /storage/home/yqf5148/work/volvoPennState/code/group_size_histogram(99% similarity threshold).png
 🔄 Re-applying PCA on reduced features...
 ✅ PCA complete.
 🔄 Converting non-selected Spark DataFrame to Pandas...
 ✅ Final dataset shape after concatenation: (322178, 589)
 ✅ Final dataset saved to: /storage/home/yqf5148/work/volvoPennState/data/dataset/final_features_with_pca(99% similarity threshold).csv