
 The toPandas() finished!
 🔄 Converting to categorical data...
 The convert to category finished!
 🚀 Starting OneHotEncoding transformation...
 The OneHotEncoding finished!
 ✅ onehot_df dataset shape: (322178, 7908)
 🔍 Finding highly correlated feature columns...
🔄 Label encoding all columns in onehot_df...
 🔍 Comparing columns for Hamming similarity...
 Representative columns = [0, 1, 2, 4, 8, 10, 19, 27, 28, 41, 42, 43, 44, 49, 54, 59, 60, 63, 66, 68, 85, 104, 109, 121, 135, 150, 162, 165, 182, 208, 213, 216, 233, 250, 254, 255, 256, 259, 261, 264, 269, 300, 318, 322, 330, 333, 335, 342, 344, 345, 346, 347, 349, 391, 401, 405, 408, 469, 470, 497, 515, 518, 522, 724, 746, 759, 761, 773, 774, 792, 796, 802, 833, 834, 835, 847, 861, 884, 899, 900, 901, 912, 915, 921, 936, 953, 957, 1032, 1039, 1055, 1064, 1101, 1106, 1114, 1145, 1183, 1207, 1241, 1331, 1378, 1425, 1433, 1587, 1712, 1715, 1917, 2019, 2035, 2066, 2078, 2091, 2092, 2237, 2314, 2322, 2334, 2335, 2414, 2436, 2447, 2517, 2528, 2529, 2563, 2582, 2624, 2625, 2722, 2766, 2889, 3026, 3065, 3079, 3145, 3147, 3155, 3344, 3584, 3604, 3607, 3609, 3610, 3615, 3618, 3621, 3671, 3728, 3863, 3864, 3912, 3969, 3993, 4081, 4091, 4093, 4095, 4098, 4218, 4219, 4267, 4272, 4355, 4464, 4469, 4513, 4550, 4553, 4555, 4569, 4787, 5193, 5247, 5340, 5358, 5360, 5631, 5651, 5703, 5755, 5756, 5763, 5768, 5776, 6357, 6360, 6493, 6495, 6558, 6585, 6586, 6630, 6634, 6641, 6645, 6653, 6659, 6763, 6801, 6995, 7252, 7266, 7375, 7376, 7464, 7481]
 Not grouped columns = [2050, 2051, 2056, 9, 2058, 11, 13, 14, 16, 17, 22, 4118, 4119, 25, 2073, 2074, 2076, 2077, 2081, 2082, 4132, 4134, 2088, 2089, 4137, 45, 46, 47, 48, 2093, 2094, 52, 2103, 56, 2104, 58, 2106, 2108, 4152, 4155, 67, 4163, 4165, 4166, 4167, 72, 4169, 4170, 4171, 6219, 4175, 6223, 4178, 4179, 4180, 4182, 6233, 92, 6237, 6238, 95, 6240, 97, 4193, 4194, 111, 4216, 2171, 4221, 4222, 4224, 2177, 4228, 134, 136, 137, 4234, 4235, 140, 141, 2191, 2192, 2193, 149, 2197, 4248, 4249, 6304, 6305, 6308, 166, 167, 168, 2216, 4264, 171, 4268, 4269, 4271, 4279, 4280, 2234, 4282, 2236, 4289, 4291, 6349, 207, 6352, 209, 210, 4307, 4310, 2266, 2267, 4314, 6363, 6367, 2272, 2273, 4320, 4321, 4322, 236, 237, 240, 2301, 2303, 2304, 2307, 2308, 4358, 2315, 2316, 2318, 2319, 272, 2323, 4374, 2328, 2329, 6427, 287, 289, 2337, 294, 296, 297, 303, 2352, 305, 2354, 2355, 6447, 6451, 315, 2371, 2372, 325, 329, 332, 6486, 6487, 6488, 6489, 6491, 6494, 6500, 6501, 6502, 4456, 4457, 362, 4458, 2415, 2416, 2417, 2418, 2419, 4463, 4472, 2426, 4474, 4475, 4478, 6527, 384, 387, 4484, 4487, 2441, 2442, 2443, 2444, 2445, 398, 399, 2446, 2448, 4489, 413, 6560, 417, 6561, 6562, 6570, 6571, 4524, 4525, 6573, 4527, 4528, 6575, 4532, 4533, 4534, 6582, 2494, 2495, 4544, 4545, 2500, 4548, 6596, 6597, 4562, 2516, 4565, 2518, 6613, 6614, 2521, 474, 475, 2523, 477, 2524, 6615, 2530, 2531, 2532, 4581, 6628, 4583, 4584, 2538, 2539, 2541, 2542, 4589, 496, 2544, 2546, 2547, 500, 4591, 502, 4592, 2552, 505, 506, 4596, 6648, 6649, 4606, 4608, 2561, 4609, 4611, 6658, 6661, 4614, 519, 2575, 2576, 2577, 2578, 2580, 2581, 4628, 2583, 2584, 4630, 4631, 4634, 4636, 4637, 2590, 6678, 2592, 4641, 6682, 6683, 6685, 2597, 6689, 2599, 6691, 6693, 4651, 2606, 2607, 4655, 2613, 6709, 2615, 4664, 6711, 2621, 2622, 6718, 6720, 6721, 6725, 6726, 6757, 6775, 635, 638, 6782, 2711, 2714, 2715, 2717, 2718, 4773, 4776, 2729, 2730, 4777, 4779, 4783, 4784, 4788, 4790, 2744, 4792, 4793, 4795, 4796, 4797, 4799, 2752, 4801, 4803, 4805, 6854, 722, 6868, 2773, 2775, 2776, 4826, 4827, 737, 738, 2786, 2788, 2789, 4838, 6881, 2792, 2795, 2797, 2798, 2801, 2802, 2804, 4852, 2806, 2807, 760, 4854, 762, 763, 764, 2812, 4855, 4856, 2816, 4858, 2818, 6918, 2823, 2824, 2829, 2830, 2831, 6926, 6929, 6931, 6932, 790, 6935, 798, 799, 6944, 801, 2849, 803, 4903, 4904, 811, 4907, 813, 6960, 817, 824, 826, 6677, 829, 4925, 6975, 6976, 4930, 6978, 6979, 6981, 6985, 6987, 6988, 6989, 4946, 4947, 852, 853, 4949, 855, 6997, 4953, 6999, 7003, 7496, 7497, 7498, 2915, 868, 869, 2918, 2920, 873, 7020, 878, 879, 7023, 7024, 7026, 883, 7028, 885, 7029, 888, 889, 890, 894, 895, 896, 897, 898, 7049, 908, 919, 920, 5016, 5019, 930, 7074, 932, 7075, 935, 7083, 941, 945, 947, 948, 7096, 7097, 7098, 3004, 3005, 3006, 960, 3008, 962, 3011, 7105, 7106, 968, 7114, 3019, 3020, 7116, 3025, 7123, 980, 982, 3030, 7127, 3033, 986, 7131, 988, 3037, 3041, 994, 7137, 998, 999, 7143, 1001, 1002, 7151, 7157, 7167, 7169, 1027, 7172, 3077, 3078, 3080, 1035, 1036, 1038, 1040, 1057, 1060, 1063, 1065, 7212, 7214, 5173, 5174, 7222, 5176, 5177, 7224, 1085, 7234, 3139, 7235, 7236, 3144, 5194, 7243, 5196, 5201, 1107, 7251, 1109, 1111, 5207, 1113, 5208, 1115, 5215, 5220, 5223, 5225, 5226, 7277, 7279, 7282, 7283, 7285, 5239, 5240, 1146, 7292, 1150, 5248, 5249, 7296, 7299, 1157, 1160, 1163, 1167, 1168, 1170, 1175, 1176, 1178, 1179, 1184, 1189, 1190, 1191, 1193, 1194, 1195, 1196, 1200, 1201, 1205, 1210, 7359, 7360, 7362, 7363, 3273, 7370, 3280, 7381, 5334, 5336, 1245, 5346, 1253, 5350, 5351, 1256, 1257, 5353, 1259, 5354, 7398, 7399, 7401, 1266, 3323, 3325, 3326, 7436, 3341, 7438, 1295, 1296, 7439, 7441, 7447, 7448, 1306, 1307, 7450, 7451, 5408, 7460, 5413, 7462, 7467, 7470, 1328, 7472, 7478, 7482, 1339, 5436, 5437, 1342, 7483, 7484, 1348, 1349, 5446, 1351, 5447, 7494, 7495, 1355, 1356, 5451, 1358, 5455, 1360, 5456, 1362, 1363, 1364, 1365, 5460, 7504, 7506, 1369, 1370, 1371, 1374, 1375, 1377, 1379, 5476, 5477, 5478, 1385, 1387, 1390, 1391, 1392, 7538, 7539, 1396, 1397, 7545, 7546, 7547, 1404, 7548, 5502, 7550, 5504, 7554, 5507, 1412, 5508, 1417, 1418, 1419, 1421, 1424, 1428, 1429, 1432, 1434, 7586, 7589, 7603, 5569, 5570, 5573, 5574, 5575, 5577, 5579, 1484, 5582, 5583, 5585, 1490, 5586, 5587, 1494, 1495, 5591, 1497, 5594, 1500, 3553, 1530, 1532, 3585, 5634, 3588, 3590, 3592, 1545, 1546, 3593, 3597, 1550, 3598, 1552, 5646, 5647, 3603, 5654, 1560, 1561, 3608, 5656, 5660, 1565, 5661, 5662, 3622, 3623, 3630, 3633, 3638, 3639, 1596, 1600, 1601, 1602, 1603, 5698, 5700, 1606, 3661, 3663, 3664, 3665, 3670, 7797, 7799, 5752, 5766, 3726, 3727, 5777, 3731, 1694, 1697, 1699, 1701, 3760, 1713, 3762, 1717, 1718, 7862, 3768, 3770, 7866, 7875, 7877, 5833, 7881, 7883, 7890, 5846, 5847, 5848, 5849, 7899, 7903, 7904, 3815, 1771, 5868, 5869, 5870, 5871, 3824, 3825, 1779, 3828, 3829, 3832, 1785, 3833, 3834, 3837, 3840, 3842, 3844, 3851, 3853, 3856, 3857, 1827, 3879, 3884, 3885, 3887, 3891, 1848, 3896, 3897, 1851, 3900, 3903, 1860, 1862, 3921, 3922, 5996, 5997, 3957, 3965, 1919, 3967, 1921, 3971, 3972, 1927, 1929, 3995, 1948, 3996, 1952, 4001, 4002, 4003, 4004, 4005, 1964, 1966, 4024, 4025, 4029, 4030, 4035, 4036, 4038, 1991, 1992, 6089, 1998, 2000, 2002, 2004, 4061, 4066, 4067, 2021, 4071, 4072, 2025, 4077, 4080, 2034, 4088]
 Final selected columns = [0, 1, 2, 4, 8, 10, 19, 27, 28, 41, 42, 43, 44, 49, 54, 59, 60, 63, 66, 68, 85, 104, 109, 121, 135, 150, 162, 165, 182, 208, 213, 216, 233, 250, 254, 255, 256, 259, 261, 264, 269, 300, 318, 322, 330, 333, 335, 342, 344, 345, 346, 347, 349, 391, 401, 405, 408, 469, 470, 497, 515, 518, 522, 724, 746, 759, 761, 773, 774, 792, 796, 802, 833, 834, 835, 847, 861, 884, 899, 900, 901, 912, 915, 921, 936, 953, 957, 1032, 1039, 1055, 1064, 1101, 1106, 1114, 1145, 1183, 1207, 1241, 1331, 1378, 1425, 1433, 1587, 1712, 1715, 1917, 2019, 2035, 2066, 2078, 2091, 2092, 2237, 2314, 2322, 2334, 2335, 2414, 2436, 2447, 2517, 2528, 2529, 2563, 2582, 2624, 2625, 2722, 2766, 2889, 3026, 3065, 3079, 3145, 3147, 3155, 3344, 3584, 3604, 3607, 3609, 3610, 3615, 3618, 3621, 3671, 3728, 3863, 3864, 3912, 3969, 3993, 4081, 4091, 4093, 4095, 4098, 4218, 4219, 4267, 4272, 4355, 4464, 4469, 4513, 4550, 4553, 4555, 4569, 4787, 5193, 5247, 5340, 5358, 5360, 5631, 5651, 5703, 5755, 5756, 5763, 5768, 5776, 6357, 6360, 6493, 6495, 6558, 6585, 6586, 6630, 6634, 6641, 6645, 6653, 6659, 6763, 6801, 6995, 7252, 7266, 7375, 7376, 7464, 7481, 2050, 2051, 2056, 9, 2058, 11, 13, 14, 16, 17, 22, 4118, 4119, 25, 2073, 2074, 2076, 2077, 2081, 2082, 4132, 4134, 2088, 2089, 4137, 45, 46, 47, 48, 2093, 2094, 52, 2103, 56, 2104, 58, 2106, 2108, 4152, 4155, 67, 4163, 4165, 4166, 4167, 72, 4169, 4170, 4171, 6219, 4175, 6223, 4178, 4179, 4180, 4182, 6233, 92, 6237, 6238, 95, 6240, 97, 4193, 4194, 111, 4216, 2171, 4221, 4222, 4224, 2177, 4228, 134, 136, 137, 4234, 4235, 140, 141, 2191, 2192, 2193, 149, 2197, 4248, 4249, 6304, 6305, 6308, 166, 167, 168, 2216, 4264, 171, 4268, 4269, 4271, 4279, 4280, 2234, 4282, 2236, 4289, 4291, 6349, 207, 6352, 209, 210, 4307, 4310, 2266, 2267, 4314, 6363, 6367, 2272, 2273, 4320, 4321, 4322, 236, 237, 240, 2301, 2303, 2304, 2307, 2308, 4358, 2315, 2316, 2318, 2319, 272, 2323, 4374, 2328, 2329, 6427, 287, 289, 2337, 294, 296, 297, 303, 2352, 305, 2354, 2355, 6447, 6451, 315, 2371, 2372, 325, 329, 332, 6486, 6487, 6488, 6489, 6491, 6494, 6500, 6501, 6502, 4456, 4457, 362, 4458, 2415, 2416, 2417, 2418, 2419, 4463, 4472, 2426, 4474, 4475, 4478, 6527, 384, 387, 4484, 4487, 2441, 2442, 2443, 2444, 2445, 398, 399, 2446, 2448, 4489, 413, 6560, 417, 6561, 6562, 6570, 6571, 4524, 4525, 6573, 4527, 4528, 6575, 4532, 4533, 4534, 6582, 2494, 2495, 4544, 4545, 2500, 4548, 6596, 6597, 4562, 2516, 4565, 2518, 6613, 6614, 2521, 474, 475, 2523, 477, 2524, 6615, 2530, 2531, 2532, 4581, 6628, 4583, 4584, 2538, 2539, 2541, 2542, 4589, 496, 2544, 2546, 2547, 500, 4591, 502, 4592, 2552, 505, 506, 4596, 6648, 6649, 4606, 4608, 2561, 4609, 4611, 6658, 6661, 4614, 519, 2575, 2576, 2577, 2578, 2580, 2581, 4628, 2583, 2584, 4630, 4631, 4634, 4636, 4637, 2590, 6678, 2592, 4641, 6682, 6683, 6685, 2597, 6689, 2599, 6691, 6693, 4651, 2606, 2607, 4655, 2613, 6709, 2615, 4664, 6711, 2621, 2622, 6718, 6720, 6721, 6725, 6726, 6757, 6775, 635, 638, 6782, 2711, 2714, 2715, 2717, 2718, 4773, 4776, 2729, 2730, 4777, 4779, 4783, 4784, 4788, 4790, 2744, 4792, 4793, 4795, 4796, 4797, 4799, 2752, 4801, 4803, 4805, 6854, 722, 6868, 2773, 2775, 2776, 4826, 4827, 737, 738, 2786, 2788, 2789, 4838, 6881, 2792, 2795, 2797, 2798, 2801, 2802, 2804, 4852, 2806, 2807, 760, 4854, 762, 763, 764, 2812, 4855, 4856, 2816, 4858, 2818, 6918, 2823, 2824, 2829, 2830, 2831, 6926, 6929, 6931, 6932, 790, 6935, 798, 799, 6944, 801, 2849, 803, 4903, 4904, 811, 4907, 813, 6960, 817, 824, 826, 6677, 829, 4925, 6975, 6976, 4930, 6978, 6979, 6981, 6985, 6987, 6988, 6989, 4946, 4947, 852, 853, 4949, 855, 6997, 4953, 6999, 7003, 7496, 7497, 7498, 2915, 868, 869, 2918, 2920, 873, 7020, 878, 879, 7023, 7024, 7026, 883, 7028, 885, 7029, 888, 889, 890, 894, 895, 896, 897, 898, 7049, 908, 919, 920, 5016, 5019, 930, 7074, 932, 7075, 935, 7083, 941, 945, 947, 948, 7096, 7097, 7098, 3004, 3005, 3006, 960, 3008, 962, 3011, 7105, 7106, 968, 7114, 3019, 3020, 7116, 3025, 7123, 980, 982, 3030, 7127, 3033, 986, 7131, 988, 3037, 3041, 994, 7137, 998, 999, 7143, 1001, 1002, 7151, 7157, 7167, 7169, 1027, 7172, 3077, 3078, 3080, 1035, 1036, 1038, 1040, 1057, 1060, 1063, 1065, 7212, 7214, 5173, 5174, 7222, 5176, 5177, 7224, 1085, 7234, 3139, 7235, 7236, 3144, 5194, 7243, 5196, 5201, 1107, 7251, 1109, 1111, 5207, 1113, 5208, 1115, 5215, 5220, 5223, 5225, 5226, 7277, 7279, 7282, 7283, 7285, 5239, 5240, 1146, 7292, 1150, 5248, 5249, 7296, 7299, 1157, 1160, 1163, 1167, 1168, 1170, 1175, 1176, 1178, 1179, 1184, 1189, 1190, 1191, 1193, 1194, 1195, 1196, 1200, 1201, 1205, 1210, 7359, 7360, 7362, 7363, 3273, 7370, 3280, 7381, 5334, 5336, 1245, 5346, 1253, 5350, 5351, 1256, 1257, 5353, 1259, 5354, 7398, 7399, 7401, 1266, 3323, 3325, 3326, 7436, 3341, 7438, 1295, 1296, 7439, 7441, 7447, 7448, 1306, 1307, 7450, 7451, 5408, 7460, 5413, 7462, 7467, 7470, 1328, 7472, 7478, 7482, 1339, 5436, 5437, 1342, 7483, 7484, 1348, 1349, 5446, 1351, 5447, 7494, 7495, 1355, 1356, 5451, 1358, 5455, 1360, 5456, 1362, 1363, 1364, 1365, 5460, 7504, 7506, 1369, 1370, 1371, 1374, 1375, 1377, 1379, 5476, 5477, 5478, 1385, 1387, 1390, 1391, 1392, 7538, 7539, 1396, 1397, 7545, 7546, 7547, 1404, 7548, 5502, 7550, 5504, 7554, 5507, 1412, 5508, 1417, 1418, 1419, 1421, 1424, 1428, 1429, 1432, 1434, 7586, 7589, 7603, 5569, 5570, 5573, 5574, 5575, 5577, 5579, 1484, 5582, 5583, 5585, 1490, 5586, 5587, 1494, 1495, 5591, 1497, 5594, 1500, 3553, 1530, 1532, 3585, 5634, 3588, 3590, 3592, 1545, 1546, 3593, 3597, 1550, 3598, 1552, 5646, 5647, 3603, 5654, 1560, 1561, 3608, 5656, 5660, 1565, 5661, 5662, 3622, 3623, 3630, 3633, 3638, 3639, 1596, 1600, 1601, 1602, 1603, 5698, 5700, 1606, 3661, 3663, 3664, 3665, 3670, 7797, 7799, 5752, 5766, 3726, 3727, 5777, 3731, 1694, 1697, 1699, 1701, 3760, 1713, 3762, 1717, 1718, 7862, 3768, 3770, 7866, 7875, 7877, 5833, 7881, 7883, 7890, 5846, 5847, 5848, 5849, 7899, 7903, 7904, 3815, 1771, 5868, 5869, 5870, 5871, 3824, 3825, 1779, 3828, 3829, 3832, 1785, 3833, 3834, 3837, 3840, 3842, 3844, 3851, 3853, 3856, 3857, 1827, 3879, 3884, 3885, 3887, 3891, 1848, 3896, 3897, 1851, 3900, 3903, 1860, 1862, 3921, 3922, 5996, 5997, 3957, 3965, 1919, 3967, 1921, 3971, 3972, 1927, 1929, 3995, 1948, 3996, 1952, 4001, 4002, 4003, 4004, 4005, 1964, 1966, 4024, 4025, 4029, 4030, 4035, 4036, 4038, 1991, 1992, 6089, 1998, 2000, 2002, 2004, 4061, 4066, 4067, 2021, 4071, 4072, 2025, 4077, 4080, 2034, 4088]
 ✅ Reduced features from 7908 to 1106

📦 Similar Column Groups (Hamming similarity ≥ 85%):
Representative column 0 represents columns [0, 2767, 3858]
Representative column 1 represents columns [1, 2768, 3860]
Representative column 2 represents columns [2, 3, 6, 7, 12, 15, 18, 20, 23, 24, 26, 29, 30, 31, 32, 35, 36, 37, 38, 39, 40, 51, 53, 55, 57, 61, 62, 64, 65, 69, 70, 76, 78, 79, 80, 81, 82, 83, 84, 86, 87, 88, 89, 91, 93, 94, 96, 98, 99, 100, 101, 102, 103, 105, 106, 107, 108, 110, 112, 113, 114, 117, 118, 119, 120, 122, 123, 125, 126, 127, 130, 132, 133, 138, 139, 145, 147, 148, 151, 152, 153, 154, 155, 156, 157, 158, 160, 161, 163, 164, 169, 170, 173, 174, 175, 176, 177, 178, 180, 181, 183, 184, 185, 188, 190, 191, 192, 193, 194, 195, 196, 197, 198, 199, 200, 201, 202, 203, 204, 205, 206, 212, 215, 217, 218, 219, 220, 221, 222, 223, 224, 225, 226, 227, 228, 229, 230, 231, 234, 238, 241, 242, 244, 246, 247, 248, 251, 252, 253, 257, 258, 260, 262, 263, 265, 266, 267, 268, 270, 271, 273, 274, 277, 278, 279, 280, 282, 283, 284, 285, 286, 288, 290, 291, 292, 293, 295, 298, 299, 301, 302, 304, 306, 310, 311, 312, 313, 314, 316, 317, 319, 320, 321, 323, 324, 326, 327, 328, 331, 334, 337, 340, 343, 348, 350, 351, 352, 353, 354, 356, 357, 358, 359, 360, 361, 363, 365, 366, 368, 369, 371, 374, 379, 381, 382, 385, 386, 388, 389, 390, 392, 396, 397, 402, 403, 404, 406, 407, 409, 410, 411, 412, 414, 415, 416, 418, 419, 420, 422, 423, 424, 425, 427, 428, 430, 431, 432, 433, 434, 435, 436, 437, 438, 441, 442, 443, 444, 445, 446, 447, 448, 449, 450, 451, 452, 453, 457, 458, 459, 460, 461, 462, 463, 464, 465, 466, 467, 468, 472, 473, 476, 478, 479, 482, 483, 484, 485, 486, 487, 488, 490, 491, 492, 493, 494, 498, 501, 504, 507, 510, 511, 512, 513, 516, 517, 520, 521, 524, 525, 526, 527, 528, 529, 530, 531, 532, 533, 534, 535, 536, 537, 538, 539, 540, 541, 542, 543, 544, 545, 546, 547, 548, 549, 550, 551, 552, 553, 554, 555, 556, 557, 558, 559, 560, 561, 562, 563, 564, 565, 566, 567, 568, 569, 570, 571, 572, 573, 574, 575, 576, 577, 578, 579, 580, 581, 582, 583, 584, 585, 586, 587, 588, 589, 590, 591, 592, 593, 594, 595, 596, 597, 598, 599, 600, 601, 602, 603, 604, 605, 606, 607, 608, 609, 610, 611, 612, 613, 614, 615, 616, 617, 618, 619, 620, 621, 622, 623, 624, 625, 626, 627, 628, 629, 630, 631, 632, 633, 634, 636, 637, 639, 640, 641, 642, 643, 644, 645, 646, 647, 648, 649, 650, 651, 652, 653, 654, 655, 656, 658, 659, 660, 661, 662, 663, 664, 665, 666, 667, 668, 669, 670, 671, 672, 673, 674, 675, 676, 677, 678, 679, 680, 681, 682, 683, 684, 685, 686, 687, 688, 689, 690, 691, 692, 693, 694, 695, 696, 697, 698, 699, 700, 701, 702, 703, 704, 705, 706, 707, 708, 709, 710, 711, 712, 713, 714, 715, 716, 717, 718, 719, 720, 721, 723, 725, 726, 727, 728, 730, 731, 733, 734, 735, 736, 740, 741, 742, 743, 744, 745, 747, 748, 749, 751, 755, 756, 758, 765, 768, 769, 771, 772, 775, 776, 777, 778, 779, 780, 781, 782, 783, 784, 785, 786, 788, 789, 793, 794, 797, 800, 807, 808, 809, 810, 812, 814, 815, 818, 820, 821, 822, 823, 825, 827, 828, 830, 832, 836, 837, 838, 840, 841, 843, 844, 846, 848, 849, 850, 851, 856, 858, 859, 862, 863, 864, 865, 866, 867, 870, 871, 874, 877, 880, 881, 882, 886, 887, 893, 903, 904, 905, 906, 907, 909, 910, 914, 916, 917, 922, 923, 924, 925, 927, 928, 929, 933, 934, 937, 938, 939, 940, 942, 943, 944, 946, 949, 950, 951, 952, 955, 956, 958, 959, 961, 963, 965, 967, 969, 970, 971, 974, 975, 977, 978, 979, 981, 983, 984, 985, 987, 989, 990, 991, 993, 995, 1000, 1003, 1004, 1005, 1006, 1007, 1008, 1010, 1011, 1012, 1013, 1014, 1015, 1016, 1017, 1018, 1019, 1020, 1021, 1022, 1023, 1024, 1025, 1026, 1028, 1029, 1030, 1031, 1034, 1037, 1041, 1042, 1043, 1044, 1045, 1046, 1047, 1048, 1049, 1050, 1052, 1053, 1054, 1058, 1059, 1061, 1062, 1066, 1069, 1071, 1072, 1073, 1074, 1075, 1076, 1077, 1078, 1079, 1080, 1081, 1082, 1083, 1084, 1086, 1087, 1088, 1089, 1090, 1091, 1092, 1093, 1094, 1095, 1096, 1097, 1098, 1100, 1102, 1103, 1104, 1105, 1110, 1118, 1121, 1122, 1123, 1124, 1125, 1126, 1127, 1128, 1129, 1130, 1131, 1132, 1133, 1134, 1135, 1136, 1137, 1138, 1139, 1141, 1142, 1143, 1144, 1148, 1149, 1151, 1152, 1153, 1154, 1155, 1156, 1158, 1159, 1162, 1164, 1165, 1166, 1169, 1171, 1172, 1173, 1174, 1177, 1181, 1182, 1185, 1186, 1187, 1188, 1192, 1198, 1199, 1202, 1203, 1204, 1209, 1213, 1214, 1215, 1216, 1217, 1218, 1219, 1220, 1221, 1222, 1223, 1224, 1225, 1226, 1227, 1228, 1229, 1230, 1231, 1232, 1233, 1234, 1235, 1236, 1237, 1238, 1239, 1240, 1242, 1243, 1244, 1246, 1247, 1248, 1249, 1250, 1251, 1252, 1254, 1255, 1258, 1260, 1261, 1263, 1264, 1265, 1267, 1268, 1270, 1271, 1273, 1274, 1275, 1276, 1277, 1278, 1279, 1280, 1281, 1283, 1284, 1286, 1287, 1288, 1289, 1290, 1291, 1292, 1293, 1297, 1298, 1299, 1300, 1301, 1302, 1303, 1308, 1309, 1310, 1311, 1312, 1313, 1314, 1315, 1316, 1317, 1318, 1319, 1320, 1321, 1322, 1323, 1324, 1325, 1326, 1329, 1330, 1332, 1334, 1335, 1336, 1338, 1340, 1341, 1343, 1344, 1347, 1353, 1354, 1357, 1359, 1361, 1366, 1367, 1372, 1373, 1376, 1380, 1381, 1382, 1383, 1384, 1386, 1388, 1389, 1394, 1398, 1399, 1400, 1401, 1402, 1403, 1405, 1406, 1407, 1408, 1409, 1410, 1411, 1414, 1415, 1416, 1420, 1422, 1423, 1426, 1427, 1431, 1435, 1436, 1437, 1438, 1439, 1440, 1441, 1442, 1443, 1444, 1445, 1446, 1447, 1448, 1449, 1450, 1451, 1452, 1453, 1454, 1455, 1456, 1457, 1458, 1459, 1460, 1461, 1462, 1463, 1464, 1465, 1466, 1467, 1468, 1469, 1470, 1471, 1472, 1473, 1474, 1475, 1476, 1477, 1478, 1479, 1480, 1481, 1482, 1483, 1485, 1486, 1487, 1488, 1489, 1491, 1492, 1493, 1496, 1499, 1501, 1503, 1504, 1505, 1506, 1508, 1509, 1510, 1512, 1513, 1514, 1515, 1516, 1517, 1518, 1520, 1521, 1522, 1523, 1524, 1526, 1527, 1528, 1529, 1531, 1533, 1534, 1535, 1536, 1537, 1538, 1539, 1541, 1542, 1543, 1544, 1547, 1549, 1551, 1553, 1554, 1555, 1556, 1557, 1558, 1559, 1563, 1564, 1566, 1567, 1568, 1569, 1570, 1571, 1572, 1573, 1574, 1575, 1576, 1577, 1578, 1579, 1580, 1581, 1582, 1584, 1585, 1586, 1588, 1589, 1590, 1592, 1594, 1595, 1598, 1599, 1604, 1605, 1609, 1610, 1611, 1612, 1613, 1614, 1615, 1616, 1617, 1618, 1619, 1620, 1621, 1622, 1623, 1624, 1625, 1626, 1627, 1628, 1629, 1630, 1631, 1632, 1633, 1634, 1635, 1636, 1637, 1638, 1639, 1640, 1641, 1642, 1643, 1644, 1645, 1646, 1647, 1648, 1649, 1650, 1651, 1652, 1653, 1654, 1655, 1656, 1657, 1658, 1659, 1660, 1661, 1662, 1663, 1664, 1665, 1666, 1667, 1668, 1669, 1670, 1671, 1672, 1673, 1674, 1675, 1676, 1677, 1678, 1679, 1680, 1681, 1682, 1683, 1684, 1685, 1686, 1687, 1688, 1689, 1690, 1691, 1692, 1693, 1695, 1696, 1698, 1700, 1702, 1703, 1704, 1705, 1706, 1707, 1708, 1709, 1710, 1711, 1714, 1716, 1719, 1720, 1721, 1722, 1723, 1724, 1725, 1726, 1727, 1728, 1729, 1730, 1731, 1732, 1733, 1734, 1735, 1736, 1737, 1738, 1739, 1740, 1741, 1742, 1743, 1744, 1745, 1746, 1747, 1748, 1749, 1750, 1751, 1752, 1753, 1754, 1755, 1756, 1757, 1758, 1759, 1761, 1762, 1763, 1764, 1765, 1766, 1767, 1768, 1769, 1770, 1774, 1775, 1776, 1777, 1778, 1780, 1781, 1782, 1783, 1784, 1788, 1789, 1790, 1791, 1792, 1794, 1795, 1796, 1797, 1798, 1800, 1802, 1803, 1804, 1805, 1806, 1807, 1808, 1809, 1810, 1811, 1812, 1813, 1814, 1815, 1816, 1817, 1818, 1819, 1820, 1821, 1822, 1823, 1824, 1825, 1828, 1829, 1830, 1831, 1832, 1833, 1834, 1836, 1837, 1838, 1839, 1840, 1841, 1842, 1843, 1844, 1845, 1846, 1847, 1849, 1850, 1852, 1853, 1854, 1855, 1856, 1857, 1858, 1859, 1861, 1863, 1864, 1865, 1866, 1868, 1869, 1870, 1871, 1872, 1873, 1874, 1875, 1876, 1877, 1878, 1879, 1880, 1881, 1882, 1883, 1884, 1885, 1886, 1887, 1888, 1889, 1890, 1891, 1892, 1893, 1894, 1895, 1896, 1897, 1898, 1899, 1900, 1901, 1902, 1903, 1904, 1905, 1906, 1907, 1908, 1909, 1910, 1911, 1912, 1913, 1915, 1916, 1918, 1920, 1922, 1923, 1924, 1925, 1926, 1928, 1930, 1931, 1932, 1933, 1934, 1936, 1937, 1939, 1940, 1941, 1942, 1943, 1944, 1945, 1946, 1947, 1949, 1950, 1953, 1954, 1955, 1956, 1957, 1960, 1961, 1962, 1963, 1965, 1969, 1970, 1971, 1972, 1973, 1974, 1975, 1976, 1977, 1978, 1979, 1980, 1981, 1982, 1983, 1984, 1985, 1986, 1987, 1988, 1989, 1990, 1993, 1994, 1997, 2001, 2003, 2006, 2007, 2008, 2009, 2010, 2011, 2012, 2013, 2014, 2015, 2016, 2020, 2022, 2023, 2024, 2026, 2027, 2028, 2029, 2030, 2031, 2033, 2036, 2037, 2038, 2039, 2040, 2041, 2042, 2043, 2044, 2045, 2047, 2048, 2052, 2053, 2055, 2057, 2060, 2061, 2064, 2065, 2067, 2068, 2070, 2072, 2085, 2086, 2090, 2095, 2096, 2097, 2098, 2099, 2100, 2101, 2102, 2105, 2107, 2110, 2111, 2112, 2113, 2114, 2115, 2116, 2117, 2118, 2119, 2120, 2121, 2122, 2123, 2124, 2125, 2126, 2127, 2128, 2129, 2130, 2131, 2132, 2133, 2134, 2135, 2136, 2137, 2138, 2139, 2140, 2141, 2142, 2143, 2144, 2145, 2146, 2147, 2148, 2149, 2150, 2151, 2152, 2153, 2154, 2155, 2156, 2157, 2158, 2159, 2160, 2161, 2162, 2163, 2164, 2165, 2166, 2167, 2168, 2169, 2170, 2172, 2173, 2174, 2175, 2176, 2179, 2180, 2181, 2184, 2185, 2186, 2187, 2188, 2189, 2190, 2195, 2196, 2198, 2199, 2200, 2201, 2202, 2203, 2204, 2205, 2206, 2207, 2208, 2209, 2210, 2211, 2212, 2213, 2214, 2215, 2217, 2218, 2219, 2220, 2221, 2223, 2224, 2225, 2226, 2227, 2228, 2229, 2230, 2231, 2233, 2235, 2238, 2239, 2240, 2241, 2242, 2243, 2244, 2245, 2246, 2247, 2248, 2249, 2250, 2251, 2252, 2253, 2254, 2255, 2256, 2257, 2258, 2260, 2261, 2262, 2263, 2265, 2269, 2270, 2271, 2275, 2276, 2277, 2278, 2279, 2280, 2281, 2282, 2283, 2284, 2285, 2286, 2287, 2288, 2289, 2290, 2291, 2292, 2293, 2294, 2295, 2296, 2297, 2298, 2299, 2300, 2302, 2305, 2306, 2309, 2310, 2311, 2320, 2321, 2324, 2326, 2333, 2336, 2338, 2340, 2341, 2342, 2343, 2346, 2347, 2348, 2349, 2351, 2353, 2357, 2358, 2359, 2360, 2361, 2364, 2365, 2366, 2367, 2368, 2373, 2376, 2378, 2381, 2383, 2384, 2385, 2386, 2387, 2388, 2389, 2390, 2391, 2392, 2393, 2394, 2395, 2396, 2397, 2398, 2399, 2400, 2401, 2402, 2404, 2405, 2406, 2407, 2408, 2409, 2410, 2411, 2412, 2413, 2420, 2421, 2423, 2427, 2428, 2430, 2432, 2435, 2438, 2440, 2451, 2452, 2453, 2455, 2456, 2457, 2458, 2459, 2460, 2461, 2462, 2464, 2465, 2466, 2468, 2469, 2470, 2471, 2472, 2473, 2474, 2475, 2476, 2477, 2478, 2479, 2480, 2481, 2483, 2484, 2485, 2486, 2487, 2489, 2490, 2492, 2493, 2497, 2498, 2501, 2502, 2503, 2504, 2505, 2506, 2507, 2508, 2509, 2510, 2511, 2512, 2513, 2514, 2515, 2519, 2520, 2522, 2526, 2533, 2534, 2535, 2536, 2537, 2540, 2543, 2549, 2550, 2551, 2556, 2558, 2559, 2560, 2562, 2568, 2570, 2571, 2572, 2573, 2574, 2579, 2585, 2586, 2587, 2588, 2591, 2593, 2594, 2595, 2600, 2601, 2602, 2603, 2604, 2605, 2608, 2609, 2610, 2614, 2616, 2617, 2618, 2619, 2620, 2623, 2627, 2628, 2629, 2630, 2632, 2633, 2634, 2635, 2636, 2637, 2638, 2639, 2640, 2641, 2642, 2643, 2644, 2645, 2646, 2647, 2648, 2649, 2650, 2651, 2652, 2653, 2654, 2655, 2656, 2657, 2658, 2659, 2660, 2661, 2662, 2663, 2664, 2665, 2666, 2667, 2668, 2669, 2670, 2671, 2672, 2673, 2674, 2675, 2676, 2677, 2678, 2679, 2680, 2681, 2682, 2683, 2684, 2685, 2686, 2687, 2688, 2689, 2690, 2691, 2692, 2693, 2694, 2695, 2696, 2697, 2698, 2699, 2700, 2701, 2702, 2703, 2704, 2705, 2706, 2707, 2708, 2709, 2710, 2712, 2713, 2719, 2723, 2724, 2725, 2728, 2731, 2732, 2733, 2734, 2735, 2736, 2737, 2738, 2739, 2740, 2741, 2742, 2743, 2745, 2746, 2747, 2748, 2750, 2751, 2753, 2754, 2755, 2756, 2757, 2758, 2759, 2760, 2761, 2762, 2763, 2764, 2765, 2769, 2770, 2771, 2772, 2774, 2777, 2779, 2780, 2781, 2782, 2783, 2784, 2785, 2793, 2794, 2796, 2799, 2800, 2803, 2808, 2809, 2810, 2811, 2813, 2814, 2815, 2817, 2819, 2820, 2821, 2822, 2825, 2826, 2834, 2835, 2836, 2837, 2838, 2839, 2840, 2841, 2842, 2843, 2844, 2845, 2846, 2847, 2848, 2850, 2851, 2852, 2855, 2856, 2857, 2858, 2859, 2860, 2861, 2862, 2863, 2864, 2865, 2866, 2867, 2868, 2869, 2870, 2872, 2873, 2876, 2877, 2879, 2880, 2881, 2882, 2883, 2884, 2885, 2886, 2887, 2888, 2890, 2891, 2892, 2893, 2894, 2895, 2896, 2897, 2898, 2899, 2900, 2901, 2902, 2903, 2905, 2906, 2908, 2909, 2910, 2911, 2912, 2913, 2914, 2916, 2917, 2919, 2921, 2922, 2923, 2924, 2925, 2926, 2927, 2928, 2929, 2930, 2931, 2932, 2933, 2934, 2935, 2936, 2937, 2938, 2939, 2940, 2941, 2942, 2943, 2944, 2945, 2946, 2947, 2948, 2949, 2950, 2951, 2952, 2953, 2954, 2955, 2956, 2957, 2958, 2959, 2960, 2961, 2962, 2963, 2964, 2965, 2966, 2967, 2968, 2969, 2970, 2971, 2972, 2973, 2974, 2975, 2976, 2977, 2978, 2979, 2980, 2981, 2982, 2983, 2984, 2985, 2986, 2987, 2988, 2989, 2990, 2991, 2992, 2993, 2994, 2995, 2996, 2997, 2998, 2999, 3000, 3001, 3002, 3003, 3007, 3009, 3010, 3013, 3014, 3016, 3018, 3021, 3023, 3027, 3028, 3029, 3032, 3036, 3039, 3040, 3042, 3043, 3044, 3048, 3049, 3051, 3052, 3053, 3054, 3055, 3056, 3057, 3058, 3059, 3060, 3061, 3062, 3063, 3064, 3066, 3067, 3069, 3070, 3072, 3073, 3074, 3075, 3076, 3081, 3082, 3083, 3084, 3085, 3086, 3087, 3088, 3089, 3090, 3091, 3092, 3093, 3094, 3095, 3096, 3098, 3099, 3100, 3101, 3102, 3103, 3104, 3105, 3106, 3107, 3108, 3109, 3110, 3112, 3113, 3114, 3115, 3116, 3117, 3118, 3119, 3120, 3121, 3123, 3124, 3125, 3126, 3127, 3128, 3129, 3130, 3131, 3133, 3134, 3135, 3137, 3138, 3140, 3141, 3142, 3143, 3146, 3148, 3149, 3150, 3151, 3152, 3153, 3154, 3156, 3157, 3158, 3159, 3160, 3161, 3162, 3163, 3164, 3165, 3166, 3167, 3168, 3169, 3170, 3171, 3172, 3173, 3174, 3175, 3176, 3177, 3178, 3180, 3181, 3182, 3183, 3184, 3185, 3187, 3188, 3189, 3190, 3191, 3192, 3193, 3194, 3195, 3196, 3197, 3198, 3199, 3200, 3201, 3202, 3203, 3204, 3205, 3206, 3207, 3208, 3209, 3210, 3211, 3212, 3213, 3214, 3215, 3216, 3217, 3218, 3219, 3220, 3221, 3222, 3223, 3224, 3225, 3226, 3227, 3228, 3229, 3230, 3231, 3232, 3233, 3234, 3235, 3236, 3237, 3238, 3239, 3240, 3241, 3242, 3243, 3244, 3245, 3246, 3247, 3248, 3249, 3250, 3251, 3252, 3253, 3254, 3255, 3256, 3257, 3258, 3259, 3260, 3261, 3262, 3263, 3265, 3266, 3267, 3268, 3269, 3271, 3272, 3275, 3276, 3277, 3278, 3279, 3281, 3282, 3283, 3284, 3285, 3286, 3287, 3288, 3290, 3291, 3292, 3293, 3295, 3296, 3297, 3298, 3299, 3300, 3301, 3302, 3303, 3304, 3305, 3307, 3308, 3309, 3310, 3311, 3313, 3314, 3315, 3316, 3317, 3318, 3319, 3321, 3322, 3324, 3327, 3328, 3329, 3330, 3332, 3333, 3335, 3336, 3338, 3339, 3340, 3342, 3343, 3345, 3346, 3348, 3349, 3350, 3352, 3353, 3355, 3356, 3357, 3358, 3359, 3360, 3361, 3362, 3363, 3364, 3365, 3366, 3367, 3368, 3369, 3370, 3371, 3373, 3374, 3375, 3376, 3377, 3378, 3379, 3380, 3381, 3382, 3383, 3384, 3385, 3386, 3387, 3388, 3389, 3390, 3391, 3392, 3393, 3394, 3395, 3396, 3397, 3398, 3399, 3400, 3401, 3402, 3403, 3404, 3405, 3406, 3407, 3408, 3409, 3410, 3411, 3412, 3413, 3414, 3415, 3416, 3417, 3418, 3419, 3420, 3421, 3422, 3423, 3424, 3425, 3426, 3427, 3428, 3429, 3430, 3431, 3432, 3433, 3434, 3435, 3436, 3437, 3438, 3439, 3440, 3441, 3442, 3443, 3444, 3445, 3446, 3447, 3448, 3449, 3450, 3451, 3452, 3453, 3454, 3455, 3456, 3457, 3458, 3459, 3460, 3461, 3462, 3463, 3465, 3466, 3467, 3468, 3469, 3470, 3471, 3472, 3473, 3474, 3475, 3476, 3477, 3478, 3479, 3480, 3481, 3482, 3483, 3484, 3485, 3486, 3487, 3488, 3489, 3490, 3491, 3492, 3493, 3495, 3497, 3499, 3500, 3501, 3502, 3503, 3504, 3505, 3506, 3507, 3508, 3509, 3510, 3511, 3512, 3513, 3514, 3515, 3516, 3517, 3518, 3519, 3520, 3521, 3522, 3523, 3524, 3525, 3526, 3527, 3529, 3530, 3531, 3532, 3533, 3534, 3535, 3536, 3537, 3538, 3539, 3540, 3541, 3542, 3543, 3544, 3545, 3546, 3547, 3548, 3549, 3550, 3551, 3554, 3557, 3558, 3559, 3560, 3561, 3562, 3563, 3564, 3566, 3570, 3571, 3572, 3574, 3575, 3576, 3577, 3578, 3580, 3581, 3583, 3586, 3589, 3591, 3595, 3599, 3600, 3601, 3602, 3605, 3606, 3612, 3613, 3614, 3616, 3617, 3619, 3624, 3625, 3626, 3627, 3628, 3629, 3634, 3635, 3640, 3641, 3642, 3643, 3644, 3645, 3646, 3647, 3648, 3649, 3650, 3651, 3652, 3653, 3654, 3655, 3656, 3657, 3660, 3666, 3667, 3669, 3672, 3673, 3674, 3675, 3676, 3677, 3678, 3679, 3680, 3681, 3682, 3683, 3684, 3685, 3686, 3687, 3688, 3689, 3690, 3691, 3692, 3693, 3694, 3695, 3696, 3697, 3698, 3699, 3700, 3701, 3702, 3703, 3704, 3705, 3706, 3707, 3708, 3709, 3710, 3711, 3712, 3713, 3714, 3715, 3716, 3717, 3718, 3719, 3720, 3721, 3722, 3723, 3724, 3725, 3729, 3732, 3733, 3734, 3737, 3738, 3739, 3740, 3741, 3742, 3743, 3744, 3745, 3746, 3747, 3748, 3751, 3752, 3753, 3754, 3755, 3756, 3757, 3758, 3761, 3763, 3764, 3765, 3766, 3769, 3771, 3772, 3773, 3774, 3775, 3776, 3777, 3778, 3779, 3780, 3781, 3782, 3783, 3784, 3785, 3786, 3787, 3788, 3790, 3791, 3792, 3793, 3794, 3795, 3796, 3797, 3798, 3799, 3800, 3801, 3802, 3803, 3804, 3805, 3806, 3807, 3808, 3809, 3810, 3811, 3817, 3818, 3819, 3821, 3823, 3826, 3827, 3830, 3831, 3835, 3836, 3838, 3839, 3841, 3843, 3845, 3846, 3847, 3848, 3849, 3850, 3861, 3862, 3865, 3866, 3867, 3868, 3870, 3871, 3872, 3873, 3874, 3875, 3876, 3877, 3878, 3881, 3882, 3883, 3886, 3888, 3889, 3892, 3893, 3894, 3895, 3902, 3907, 3908, 3909, 3910, 3911, 3915, 3916, 3917, 3918, 3924, 3925, 3926, 3927, 3928, 3930, 3931, 3933, 3934, 3935, 3936, 3937, 3938, 3939, 3940, 3941, 3942, 3943, 3944, 3945, 3946, 3947, 3948, 3949, 3950, 3951, 3952, 3955, 3959, 3960, 3961, 3962, 3963, 3968, 3970, 3975, 3978, 3979, 3980, 3981, 3982, 3983, 3984, 3985, 3986, 3987, 3988, 3989, 3990, 3991, 3992, 3994, 3998, 3999, 4006, 4007, 4008, 4009, 4010, 4011, 4012, 4013, 4014, 4015, 4016, 4017, 4018, 4019, 4020, 4021, 4023, 4026, 4028, 4031, 4033, 4034, 4039, 4040, 4041, 4042, 4043, 4044, 4045, 4046, 4047, 4048, 4049, 4050, 4051, 4052, 4053, 4054, 4055, 4056, 4057, 4058, 4059, 4060, 4062, 4063, 4064, 4065, 4068, 4069, 4070, 4073, 4074, 4075, 4078, 4079, 4083, 4084, 4087, 4089, 4092, 4094, 4096, 4097, 4099, 4100, 4101, 4102, 4103, 4104, 4105, 4106, 4107, 4108, 4109, 4110, 4111, 4112, 4113, 4114, 4115, 4116, 4117, 4120, 4121, 4122, 4123, 4124, 4125, 4126, 4127, 4128, 4129, 4130, 4133, 4135, 4138, 4140, 4142, 4143, 4145, 4146, 4147, 4148, 4149, 4150, 4151, 4153, 4154, 4156, 4157, 4158, 4159, 4160, 4161, 4162, 4164, 4168, 4173, 4174, 4176, 4177, 4181, 4183, 4184, 4186, 4187, 4188, 4189, 4190, 4191, 4192, 4195, 4196, 4197, 4198, 4199, 4200, 4201, 4202, 4203, 4204, 4205, 4206, 4207, 4208, 4209, 4210, 4212, 4213, 4214, 4215, 4217, 4223, 4225, 4226, 4227, 4233, 4236, 4237, 4238, 4241, 4242, 4245, 4251, 4252, 4253, 4254, 4256, 4257, 4258, 4260, 4263, 4265, 4266, 4273, 4274, 4275, 4277, 4278, 4283, 4285, 4286, 4287, 4290, 4293, 4294, 4295, 4296, 4297, 4298, 4301, 4302, 4303, 4304, 4305, 4306, 4308, 4309, 4311, 4312, 4313, 4315, 4316, 4323, 4325, 4326, 4328, 4329, 4330, 4331, 4332, 4333, 4334, 4335, 4337, 4338, 4339, 4340, 4341, 4342, 4343, 4344, 4345, 4346, 4347, 4348, 4349, 4350, 4351, 4352, 4353, 4356, 4357, 4359, 4360, 4361, 4362, 4363, 4364, 4366, 4367, 4368, 4369, 4370, 4371, 4372, 4373, 4375, 4377, 4378, 4379, 4380, 4381, 4382, 4383, 4384, 4385, 4386, 4387, 4388, 4389, 4390, 4391, 4392, 4393, 4394, 4395, 4396, 4397, 4398, 4399, 4400, 4401, 4402, 4403, 4404, 4405, 4406, 4407, 4408, 4409, 4410, 4411, 4412, 4413, 4414, 4415, 4416, 4417, 4418, 4419, 4420, 4421, 4422, 4423, 4424, 4425, 4426, 4427, 4428, 4429, 4430, 4431, 4432, 4433, 4434, 4435, 4436, 4437, 4438, 4439, 4440, 4441, 4442, 4443, 4444, 4445, 4446, 4447, 4448, 4449, 4450, 4451, 4452, 4453, 4454, 4455, 4459, 4461, 4462, 4465, 4466, 4467, 4468, 4470, 4471, 4476, 4477, 4479, 4480, 4481, 4482, 4486, 4488, 4490, 4491, 4492, 4493, 4494, 4495, 4496, 4497, 4498, 4499, 4500, 4501, 4502, 4503, 4504, 4505, 4506, 4508, 4509, 4510, 4512, 4515, 4516, 4517, 4519, 4520, 4521, 4522, 4529, 4530, 4535, 4536, 4537, 4538, 4539, 4540, 4541, 4542, 4543, 4546, 4547, 4551, 4552, 4554, 4556, 4558, 4559, 4560, 4561, 4564, 4566, 4567, 4568, 4570, 4571, 4572, 4573, 4574, 4575, 4576, 4577, 4579, 4580, 4582, 4585, 4587, 4593, 4594, 4595, 4597, 4598, 4599, 4600, 4601, 4604, 4605, 4607, 4612, 4613, 4615, 4616, 4618, 4619, 4620, 4621, 4622, 4623, 4624, 4625, 4626, 4627, 4632, 4635, 4639, 4640, 4644, 4645, 4646, 4647, 4648, 4649, 4650, 4652, 4653, 4654, 4656, 4657, 4659, 4660, 4661, 4662, 4663, 4665, 4666, 4667, 4668, 4669, 4670, 4671, 4672, 4673, 4674, 4675, 4676, 4677, 4678, 4679, 4680, 4681, 4682, 4683, 4684, 4685, 4686, 4687, 4688, 4689, 4690, 4691, 4692, 4693, 4694, 4695, 4696, 4697, 4698, 4699, 4700, 4701, 4702, 4703, 4704, 4705, 4706, 4707, 4708, 4709, 4710, 4711, 4712, 4713, 4714, 4715, 4716, 4717, 4718, 4719, 4720, 4721, 4722, 4723, 4724, 4725, 4726, 4727, 4728, 4729, 4730, 4731, 4732, 4733, 4734, 4735, 4736, 4737, 4738, 4739, 4740, 4741, 4742, 4743, 4744, 4745, 4746, 4747, 4748, 4749, 4750, 4751, 4752, 4753, 4754, 4755, 4756, 4757, 4758, 4759, 4760, 4761, 4762, 4763, 4764, 4765, 4766, 4767, 4768, 4769, 4770, 4771, 4772, 4774, 4778, 4780, 4781, 4782, 4789, 4794, 4798, 4802, 4804, 4806, 4807, 4808, 4809, 4810, 4811, 4812, 4813, 4814, 4815, 4816, 4817, 4818, 4819, 4820, 4821, 4822, 4823, 4828, 4829, 4830, 4831, 4832, 4834, 4835, 4836, 4837, 4839, 4842, 4843, 4844, 4845, 4846, 4847, 4848, 4849, 4850, 4851, 4853, 4857, 4859, 4860, 4861, 4862, 4863, 4864, 4865, 4866, 4867, 4868, 4869, 4870, 4871, 4872, 4873, 4874, 4875, 4876, 4877, 4878, 4879, 4880, 4881, 4882, 4883, 4884, 4885, 4886, 4887, 4888, 4889, 4890, 4891, 4892, 4893, 4894, 4895, 4896, 4897, 4898, 4899, 4900, 4901, 4902, 4905, 4906, 4908, 4909, 4910, 4911, 4912, 4913, 4914, 4915, 4916, 4917, 4918, 4919, 4920, 4921, 4922, 4923, 4924, 4926, 4927, 4928, 4929, 4931, 4932, 4933, 4934, 4935, 4936, 4937, 4938, 4939, 4940, 4941, 4942, 4943, 4944, 4945, 4948, 4950, 4951, 4952, 4954, 4955, 4956, 4957, 4959, 4960, 4961, 4962, 4963, 4964, 4965, 4966, 4967, 4968, 4969, 4970, 4971, 4972, 4973, 4974, 4975, 4976, 4977, 4978, 4979, 4980, 4981, 4982, 4983, 4984, 4985, 4986, 4987, 4988, 4989, 4990, 4991, 4992, 4993, 4994, 4995, 4996, 4997, 4998, 4999, 5000, 5001, 5002, 5003, 5004, 5005, 5006, 5007, 5008, 5009, 5010, 5011, 5012, 5013, 5014, 5015, 5017, 5018, 5020, 5021, 5022, 5023, 5024, 5025, 5026, 5027, 5028, 5029, 5030, 5031, 5032, 5033, 5035, 5036, 5037, 5038, 5039, 5040, 5041, 5042, 5043, 5044, 5045, 5046, 5047, 5048, 5049, 5050, 5051, 5052, 5053, 5054, 5055, 5056, 5057, 5058, 5059, 5060, 5061, 5062, 5063, 5064, 5065, 5066, 5067, 5068, 5069, 5070, 5071, 5072, 5073, 5074, 5076, 5077, 5078, 5080, 5081, 5082, 5083, 5084, 5085, 5086, 5087, 5088, 5089, 5090, 5091, 5092, 5093, 5094, 5095, 5096, 5097, 5098, 5099, 5100, 5101, 5102, 5103, 5104, 5105, 5106, 5107, 5108, 5109, 5110, 5111, 5112, 5113, 5114, 5115, 5116, 5117, 5118, 5119, 5120, 5121, 5122, 5123, 5124, 5125, 5126, 5127, 5128, 5129, 5130, 5131, 5132, 5133, 5134, 5135, 5136, 5137, 5138, 5139, 5140, 5141, 5142, 5143, 5144, 5145, 5146, 5147, 5148, 5149, 5150, 5151, 5152, 5153, 5154, 5155, 5156, 5157, 5158, 5159, 5160, 5161, 5162, 5163, 5164, 5165, 5166, 5170, 5175, 5178, 5179, 5180, 5181, 5182, 5183, 5184, 5185, 5186, 5187, 5188, 5189, 5191, 5192, 5195, 5197, 5199, 5202, 5204, 5205, 5206, 5209, 5210, 5211, 5212, 5213, 5214, 5216, 5217, 5218, 5219, 5221, 5222, 5227, 5228, 5229, 5230, 5231, 5232, 5233, 5234, 5235, 5236, 5238, 5242, 5244, 5246, 5254, 5257, 5258, 5259, 5260, 5261, 5262, 5263, 5264, 5265, 5266, 5267, 5268, 5269, 5270, 5271, 5272, 5273, 5274, 5275, 5276, 5277, 5278, 5279, 5280, 5281, 5282, 5283, 5284, 5285, 5286, 5287, 5288, 5289, 5290, 5291, 5292, 5293, 5294, 5295, 5296, 5297, 5298, 5299, 5300, 5301, 5302, 5303, 5304, 5305, 5306, 5307, 5308, 5309, 5310, 5311, 5312, 5313, 5314, 5315, 5316, 5317, 5318, 5319, 5320, 5321, 5322, 5323, 5324, 5325, 5326, 5327, 5328, 5329, 5330, 5331, 5332, 5333, 5335, 5337, 5338, 5339, 5341, 5342, 5343, 5344, 5348, 5349, 5352, 5355, 5357, 5359, 5361, 5362, 5364, 5366, 5369, 5370, 5371, 5372, 5373, 5374, 5376, 5379, 5380, 5383, 5384, 5385, 5386, 5387, 5389, 5391, 5393, 5396, 5397, 5398, 5399, 5400, 5403, 5404, 5405, 5406, 5409, 5410, 5411, 5415, 5416, 5417, 5418, 5419, 5420, 5423, 5424, 5426, 5427, 5429, 5430, 5433, 5434, 5439, 5440, 5441, 5442, 5443, 5445, 5448, 5449, 5450, 5452, 5454, 5457, 5458, 5461, 5462, 5463, 5464, 5465, 5466, 5467, 5468, 5469, 5470, 5471, 5473, 5474, 5475, 5480, 5481, 5482, 5483, 5486, 5487, 5488, 5489, 5490, 5491, 5492, 5493, 5494, 5495, 5496, 5497, 5498, 5499, 5501, 5503, 5505, 5506, 5510, 5511, 5512, 5513, 5514, 5515, 5516, 5517, 5518, 5519, 5522, 5523, 5524, 5525, 5526, 5527, 5528, 5531, 5534, 5535, 5536, 5537, 5540, 5541, 5542, 5543, 5544, 5545, 5546, 5549, 5550, 5551, 5552, 5553, 5554, 5555, 5558, 5559, 5560, 5561, 5564, 5566, 5567, 5571, 5572, 5578, 5581, 5584, 5588, 5589, 5590, 5592, 5595, 5596, 5597, 5598, 5599, 5600, 5601, 5602, 5603, 5604, 5605, 5606, 5607, 5609, 5610, 5611, 5612, 5613, 5614, 5615, 5616, 5617, 5618, 5619, 5620, 5622, 5623, 5624, 5626, 5627, 5628, 5630, 5632, 5635, 5636, 5637, 5638, 5639, 5640, 5642, 5643, 5644, 5645, 5648, 5649, 5650, 5657, 5658, 5659, 5665, 5666, 5667, 5668, 5669, 5670, 5671, 5672, 5673, 5675, 5677, 5678, 5679, 5680, 5681, 5682, 5683, 5684, 5685, 5686, 5687, 5688, 5689, 5690, 5691, 5692, 5693, 5694, 5695, 5697, 5701, 5702, 5704, 5705, 5706, 5707, 5708, 5710, 5711, 5712, 5713, 5714, 5715, 5716, 5717, 5718, 5719, 5720, 5721, 5723, 5724, 5725, 5726, 5727, 5728, 5729, 5730, 5731, 5732, 5733, 5734, 5735, 5736, 5737, 5738, 5739, 5740, 5741, 5742, 5743, 5744, 5745, 5746, 5747, 5750, 5751, 5753, 5754, 5758, 5759, 5760, 5764, 5765, 5773, 5774, 5778, 5779, 5780, 5781, 5782, 5783, 5784, 5785, 5786, 5787, 5788, 5789, 5790, 5791, 5792, 5793, 5794, 5795, 5796, 5797, 5798, 5799, 5800, 5801, 5802, 5803, 5804, 5805, 5806, 5807, 5808, 5809, 5810, 5811, 5812, 5813, 5814, 5815, 5816, 5818, 5819, 5820, 5821, 5822, 5823, 5824, 5825, 5826, 5827, 5828, 5829, 5830, 5831, 5832, 5837, 5841, 5842, 5843, 5850, 5851, 5852, 5853, 5854, 5855, 5856, 5857, 5858, 5859, 5860, 5861, 5862, 5863, 5864, 5865, 5867, 5872, 5873, 5874, 5875, 5876, 5877, 5878, 5879, 5880, 5881, 5882, 5883, 5884, 5885, 5886, 5887, 5888, 5889, 5890, 5891, 5892, 5893, 5894, 5895, 5896, 5897, 5898, 5899, 5900, 5901, 5902, 5903, 5904, 5905, 5906, 5907, 5908, 5909, 5910, 5911, 5912, 5913, 5914, 5915, 5916, 5917, 5918, 5919, 5920, 5921, 5922, 5923, 5924, 5926, 5927, 5928, 5933, 5934, 5935, 5936, 5937, 5938, 5939, 5940, 5941, 5942, 5943, 5944, 5945, 5946, 5947, 5948, 5949, 5950, 5951, 5952, 5953, 5954, 5955, 5956, 5957, 5958, 5959, 5960, 5961, 5962, 5964, 5967, 5968, 5969, 5970, 5971, 5972, 5973, 5974, 5975, 5976, 5977, 5978, 5979, 5980, 5981, 5982, 5983, 5984, 5985, 5986, 5987, 5988, 5989, 5990, 5991, 5992, 5995, 5998, 5999, 6000, 6001, 6002, 6003, 6004, 6005, 6006, 6007, 6008, 6009, 6010, 6011, 6012, 6013, 6014, 6015, 6016, 6017, 6018, 6019, 6020, 6021, 6022, 6023, 6024, 6025, 6026, 6030, 6031, 6032, 6033, 6034, 6035, 6036, 6037, 6038, 6039, 6040, 6041, 6042, 6043, 6044, 6045, 6046, 6047, 6048, 6049, 6050, 6051, 6052, 6053, 6054, 6055, 6056, 6057, 6058, 6059, 6060, 6061, 6062, 6063, 6065, 6066, 6068, 6069, 6070, 6071, 6072, 6073, 6074, 6075, 6076, 6077, 6078, 6079, 6080, 6081, 6082, 6083, 6084, 6085, 6086, 6087, 6088, 6090, 6091, 6093, 6094, 6096, 6097, 6098, 6099, 6100, 6101, 6102, 6103, 6104, 6105, 6106, 6107, 6108, 6109, 6110, 6111, 6112, 6113, 6114, 6115, 6116, 6117, 6118, 6119, 6120, 6121, 6122, 6123, 6124, 6125, 6126, 6127, 6128, 6129, 6130, 6131, 6132, 6133, 6134, 6136, 6137, 6138, 6139, 6140, 6141, 6142, 6143, 6144, 6145, 6146, 6147, 6148, 6149, 6150, 6151, 6152, 6153, 6154, 6155, 6156, 6157, 6158, 6159, 6160, 6161, 6162, 6163, 6164, 6165, 6166, 6167, 6168, 6169, 6171, 6172, 6173, 6174, 6175, 6176, 6177, 6178, 6179, 6180, 6181, 6182, 6183, 6184, 6185, 6186, 6187, 6188, 6189, 6190, 6191, 6192, 6193, 6194, 6195, 6196, 6197, 6198, 6199, 6200, 6201, 6202, 6203, 6204, 6205, 6206, 6207, 6208, 6210, 6211, 6212, 6213, 6214, 6215, 6216, 6217, 6218, 6221, 6222, 6224, 6226, 6227, 6228, 6229, 6230, 6231, 6232, 6234, 6235, 6236, 6239, 6244, 6245, 6246, 6248, 6249, 6250, 6252, 6253, 6255, 6256, 6257, 6258, 6259, 6261, 6262, 6263, 6264, 6265, 6267, 6268, 6269, 6270, 6271, 6272, 6273, 6274, 6275, 6276, 6277, 6278, 6279, 6280, 6281, 6282, 6283, 6284, 6285, 6286, 6287, 6288, 6289, 6290, 6291, 6292, 6293, 6294, 6295, 6296, 6297, 6298, 6299, 6300, 6301, 6302, 6303, 6306, 6307, 6310, 6312, 6313, 6314, 6315, 6316, 6317, 6318, 6319, 6320, 6321, 6322, 6323, 6324, 6325, 6326, 6327, 6328, 6331, 6332, 6333, 6334, 6338, 6339, 6342, 6343, 6344, 6345, 6346, 6347, 6348, 6351, 6354, 6358, 6359, 6361, 6362, 6364, 6365, 6366, 6369, 6370, 6371, 6372, 6373, 6374, 6375, 6376, 6377, 6378, 6379, 6380, 6381, 6382, 6383, 6384, 6385, 6386, 6387, 6388, 6389, 6390, 6391, 6392, 6393, 6394, 6395, 6396, 6397, 6398, 6399, 6400, 6401, 6402, 6403, 6404, 6405, 6406, 6407, 6408, 6409, 6410, 6411, 6412, 6413, 6414, 6415, 6416, 6417, 6418, 6419, 6420, 6421, 6422, 6423, 6424, 6425, 6426, 6429, 6431, 6432, 6433, 6435, 6438, 6439, 6442, 6456, 6457, 6458, 6459, 6460, 6461, 6462, 6463, 6464, 6465, 6466, 6467, 6468, 6469, 6470, 6471, 6472, 6473, 6474, 6475, 6476, 6477, 6478, 6479, 6480, 6481, 6482, 6483, 6484, 6485, 6490, 6492, 6496, 6497, 6498, 6499, 6503, 6504, 6505, 6506, 6507, 6508, 6509, 6510, 6511, 6512, 6513, 6514, 6515, 6516, 6517, 6518, 6519, 6520, 6521, 6522, 6523, 6524, 6525, 6529, 6530, 6531, 6532, 6533, 6534, 6535, 6536, 6537, 6538, 6539, 6540, 6541, 6542, 6543, 6544, 6545, 6546, 6547, 6548, 6549, 6550, 6551, 6552, 6553, 6554, 6555, 6556, 6557, 6559, 6564, 6567, 6569, 6572, 6574, 6576, 6577, 6578, 6579, 6580, 6581, 6584, 6588, 6589, 6590, 6591, 6592, 6593, 6594, 6595, 6598, 6599, 6601, 6605, 6606, 6607, 6608, 6609, 6610, 6611, 6612, 6616, 6617, 6618, 6619, 6620, 6621, 6623, 6626, 6627, 6629, 6633, 6635, 6636, 6639, 6643, 6644, 6646, 6647, 6650, 6654, 6655, 6656, 6657, 6662, 6664, 6665, 6668, 6671, 6672, 6673, 6675, 6676, 6679, 6684, 6687, 6688, 6692, 6694, 6695, 6696, 6697, 6698, 6699, 6700, 6701, 6702, 6703, 6704, 6705, 6706, 6707, 6708, 6710, 6712, 6714, 6717, 6719, 6722, 6723, 6724, 6729, 6730, 6732, 6733, 6734, 6737, 6738, 6739, 6740, 6741, 6742, 6743, 6744, 6745, 6746, 6747, 6748, 6749, 6750, 6751, 6752, 6753, 6754, 6755, 6756, 6758, 6759, 6760, 6761, 6764, 6765, 6766, 6767, 6768, 6769, 6770, 6771, 6772, 6773, 6777, 6779, 6780, 6781, 6783, 6784, 6785, 6786, 6787, 6788, 6789, 6790, 6792, 6793, 6794, 6795, 6797, 6798, 6799, 6800, 6803, 6804, 6805, 6806, 6809, 6810, 6811, 6812, 6813, 6814, 6815, 6817, 6818, 6823, 6824, 6825, 6826, 6827, 6828, 6829, 6830, 6831, 6832, 6833, 6834, 6835, 6836, 6837, 6838, 6839, 6840, 6841, 6842, 6843, 6844, 6845, 6846, 6847, 6848, 6849, 6850, 6851, 6852, 6853, 6856, 6857, 6858, 6859, 6860, 6861, 6862, 6863, 6864, 6865, 6866, 6867, 6869, 6870, 6871, 6872, 6873, 6874, 6875, 6876, 6877, 6878, 6879, 6880, 6882, 6883, 6884, 6886, 6887, 6888, 6889, 6890, 6891, 6892, 6893, 6894, 6895, 6896, 6897, 6899, 6900, 6901, 6902, 6903, 6904, 6905, 6908, 6909, 6910, 6911, 6913, 6914, 6916, 6917, 6920, 6921, 6922, 6923, 6924, 6925, 6927, 6928, 6930, 6933, 6934, 6936, 6937, 6938, 6939, 6940, 6942, 6946, 6947, 6949, 6950, 6951, 6952, 6953, 6954, 6955, 6956, 6961, 6962, 6963, 6964, 6965, 6966, 6967, 6968, 6969, 6970, 6971, 6972, 6973, 6974, 6977, 6980, 6986, 6990, 6991, 6992, 6993, 6998, 7000, 7002, 7004, 7005, 7006, 7008, 7009, 7010, 7011, 7012, 7013, 7014, 7015, 7016, 7017, 7018, 7021, 7022, 7025, 7027, 7030, 7031, 7032, 7033, 7034, 7035, 7036, 7037, 7038, 7039, 7040, 7041, 7043, 7044, 7046, 7047, 7048, 7050, 7051, 7052, 7054, 7057, 7060, 7064, 7066, 7069, 7073, 7076, 7077, 7078, 7079, 7080, 7081, 7084, 7085, 7087, 7089, 7092, 7093, 7099, 7100, 7101, 7107, 7109, 7110, 7111, 7117, 7118, 7121, 7122, 7124, 7125, 7128, 7129, 7132, 7133, 7134, 7135, 7136, 7138, 7139, 7140, 7141, 7142, 7144, 7145, 7146, 7147, 7148, 7152, 7154, 7155, 7156, 7158, 7159, 7160, 7161, 7162, 7163, 7165, 7166, 7168, 7170, 7171, 7174, 7175, 7176, 7177, 7178, 7179, 7180, 7181, 7182, 7183, 7184, 7185, 7186, 7187, 7188, 7189, 7190, 7193, 7194, 7195, 7196, 7197, 7198, 7199, 7200, 7201, 7202, 7203, 7204, 7205, 7206, 7207, 7208, 7211, 7215, 7216, 7217, 7218, 7219, 7220, 7221, 7228, 7229, 7232, 7233, 7237, 7238, 7240, 7241, 7244, 7245, 7246, 7247, 7248, 7249, 7250, 7254, 7255, 7256, 7257, 7258, 7259, 7260, 7261, 7262, 7263, 7264, 7265, 7268, 7269, 7270, 7271, 7272, 7273, 7274, 7276, 7280, 7286, 7289, 7291, 7297, 7298, 7300, 7301, 7302, 7303, 7305, 7306, 7308, 7309, 7310, 7311, 7312, 7313, 7314, 7315, 7316, 7317, 7318, 7319, 7320, 7321, 7322, 7323, 7324, 7325, 7326, 7327, 7328, 7329, 7330, 7331, 7332, 7333, 7334, 7335, 7336, 7337, 7338, 7339, 7340, 7341, 7342, 7343, 7344, 7345, 7346, 7347, 7348, 7354, 7355, 7356, 7358, 7361, 7365, 7368, 7369, 7371, 7373, 7378, 7380, 7382, 7383, 7384, 7385, 7386, 7387, 7388, 7389, 7390, 7395, 7397, 7400, 7402, 7403, 7404, 7405, 7406, 7407, 7408, 7409, 7410, 7411, 7412, 7413, 7414, 7415, 7416, 7417, 7418, 7419, 7420, 7421, 7422, 7423, 7425, 7426, 7427, 7428, 7429, 7430, 7431, 7432, 7433, 7434, 7437, 7442, 7443, 7444, 7445, 7446, 7449, 7453, 7454, 7455, 7458, 7461, 7463, 7465, 7466, 7468, 7469, 7473, 7476, 7477, 7480, 7487, 7488, 7489, 7490, 7491, 7493, 7499, 7500, 7501, 7502, 7505, 7507, 7510, 7512, 7514, 7515, 7517, 7518, 7519, 7520, 7521, 7522, 7523, 7524, 7525, 7526, 7527, 7528, 7529, 7530, 7531, 7532, 7533, 7534, 7535, 7540, 7541, 7542, 7543, 7551, 7552, 7555, 7556, 7557, 7558, 7559, 7560, 7561, 7562, 7563, 7564, 7565, 7566, 7567, 7568, 7569, 7570, 7571, 7572, 7573, 7574, 7575, 7576, 7577, 7578, 7579, 7580, 7581, 7582, 7583, 7584, 7585, 7587, 7588, 7590, 7591, 7592, 7593, 7595, 7596, 7597, 7598, 7599, 7600, 7601, 7602, 7604, 7605, 7606, 7607, 7609, 7610, 7611, 7612, 7613, 7614, 7615, 7616, 7617, 7618, 7619, 7620, 7621, 7622, 7623, 7624, 7625, 7626, 7627, 7628, 7629, 7630, 7631, 7632, 7633, 7634, 7635, 7636, 7637, 7638, 7639, 7640, 7641, 7642, 7643, 7644, 7645, 7646, 7647, 7648, 7649, 7650, 7651, 7652, 7653, 7654, 7655, 7656, 7657, 7658, 7659, 7660, 7661, 7662, 7663, 7664, 7665, 7666, 7667, 7668, 7669, 7670, 7671, 7672, 7673, 7674, 7675, 7676, 7677, 7678, 7679, 7680, 7681, 7682, 7683, 7684, 7685, 7686, 7687, 7688, 7689, 7690, 7691, 7692, 7693, 7694, 7695, 7696, 7697, 7698, 7699, 7700, 7701, 7702, 7703, 7704, 7705, 7706, 7707, 7708, 7709, 7710, 7711, 7712, 7713, 7714, 7715, 7716, 7717, 7718, 7719, 7720, 7721, 7722, 7723, 7724, 7725, 7726, 7727, 7728, 7729, 7730, 7731, 7732, 7733, 7734, 7735, 7736, 7737, 7738, 7739, 7740, 7741, 7742, 7743, 7744, 7745, 7746, 7747, 7748, 7749, 7750, 7751, 7752, 7753, 7754, 7755, 7756, 7757, 7758, 7759, 7760, 7761, 7762, 7763, 7764, 7765, 7766, 7767, 7768, 7769, 7770, 7771, 7772, 7773, 7774, 7775, 7776, 7777, 7778, 7779, 7780, 7781, 7782, 7783, 7784, 7785, 7786, 7787, 7788, 7790, 7791, 7792, 7793, 7794, 7795, 7798, 7801, 7802, 7804, 7805, 7806, 7807, 7808, 7809, 7810, 7811, 7812, 7813, 7814, 7815, 7816, 7817, 7818, 7819, 7820, 7821, 7822, 7823, 7824, 7825, 7826, 7827, 7828, 7829, 7830, 7831, 7832, 7833, 7834, 7835, 7836, 7837, 7838, 7839, 7840, 7841, 7842, 7844, 7846, 7849, 7851, 7852, 7854, 7856, 7857, 7858, 7863, 7865, 7867, 7868, 7869, 7870, 7872, 7873, 7876, 7878, 7879, 7882, 7885, 7886, 7888, 7889, 7891, 7892, 7893, 7894, 7895, 7900, 7905]
Representative column 4 represents columns [4, 5, 21, 33, 34, 50, 77, 90, 142, 146, 159, 179, 189, 211, 214, 232, 235, 245, 281, 341, 372, 383, 394, 400, 471, 499, 509, 657, 750, 757, 791, 806, 819, 872, 902, 913, 931, 997, 1009, 1056, 1068, 1099, 1108, 1112, 1119, 1147, 1161, 1206, 1269, 1272, 1327, 1333, 1337, 1345, 1346, 1350, 1393, 1395, 1413, 1498, 1502, 1540, 1548, 1562, 1583, 1591, 1593, 1597, 1773, 1786, 1787, 1793, 1799, 1801, 1867, 1935, 1999, 2063, 2084, 2194, 2232, 2268, 2331, 2467, 2488, 2499, 2554, 2555, 2598, 2611, 2612, 2631, 2721, 2749, 2778, 2791, 2805, 2827, 2828, 2832, 2833, 2874, 2875, 3012, 3022, 3024, 3031, 3038, 3071, 3132, 3264, 3270, 3274, 3289, 3294, 3306, 3312, 3320, 3331, 3334, 3337, 3347, 3351, 3354, 3372, 3555, 3620, 3662, 3730, 3816, 3822, 3852, 3859, 3869, 3890, 3898, 3899, 3901, 3964, 4022, 4076, 4085, 4086, 4090, 4131, 4136, 4172, 4230, 4240, 4250, 4262, 4300, 4365, 4473, 4483, 4485, 4518, 4523, 4557, 4563, 4578, 4588, 4603, 4610, 4825, 4833, 4840, 4841, 4958, 5034, 5190, 5198, 5200, 5203, 5241, 5345, 5367, 5425, 5435, 5453, 5459, 5479, 5565, 5593, 5621, 5625, 5633, 5641, 5699, 5757, 5769, 5817, 5840, 5931, 6220, 6225, 6241, 6242, 6243, 6247, 6251, 6260, 6266, 6309, 6329, 6330, 6335, 6336, 6337, 6340, 6341, 6350, 6353, 6355, 6356, 6430, 6434, 6436, 6437, 6440, 6441, 6443, 6444, 6446, 6450, 6452, 6453, 6454, 6455, 6526, 6565, 6566, 6632, 6637, 6638, 6640, 6642, 6666, 6667, 6669, 6680, 6686, 6690, 6731, 6762, 6778, 6796, 6802, 6807, 6808, 6816, 6885, 6898, 6907, 6912, 6915, 6919, 6943, 6983, 6994, 7001, 7019, 7067, 7082, 7086, 7115, 7119, 7120, 7126, 7130, 7153, 7164, 7210, 7226, 7284, 7287, 7288, 7290, 7293, 7294, 7295, 7424, 7485, 7486, 7503, 7508, 7594, 7608, 7789, 7843, 7850, 7884, 7887]
Representative column 8 represents columns [8, 3854]
Representative column 10 represents columns [10, 3855]
Representative column 19 represents columns [19, 1033, 6774]
Representative column 27 represents columns [27, 7435]
Representative column 28 represents columns [28, 4027, 5965]
Representative column 41 represents columns [41, 2482, 2566]
Representative column 42 represents columns [42, 1051, 2491, 2567]
Representative column 43 represents columns [43, 2079]
Representative column 44 represents columns [44, 2080]
Representative column 49 represents columns [49, 2083, 7095]
Representative column 54 represents columns [54, 739, 2564, 3611, 4288]
Representative column 59 represents columns [59, 74, 115, 128, 143, 186, 243, 275, 336, 429, 440, 455, 489, 508, 1958, 1967, 1995, 2005, 3047, 3567, 3579, 3594, 3658, 3736, 3750, 3812, 3880, 4239, 4785, 4800, 5079, 5168, 5224, 5368, 5382, 5395, 5402, 5414, 5422, 5485, 5509, 5521, 5533, 5539, 5548, 5557, 5563, 5655, 6728, 6736, 6822, 6948, 6982, 7479]
Representative column 60 represents columns [60, 75, 116, 129, 144, 187, 249, 276, 339, 439, 454, 456, 495, 514, 1959, 1968, 1996, 2017, 3050, 3582, 3596, 3659, 3749, 3759, 3813, 4243, 5167, 5375, 5388, 5401, 5407, 5421, 5428, 5500, 5520, 5529, 5538, 5547, 5556, 5562, 5568, 6735, 6957, 6984]
Representative column 63 represents columns [63, 131, 338, 3097]
Representative column 66 represents columns [66, 71]
Representative column 68 represents columns [68, 73]
Representative column 85 represents columns [85, 1117]
Representative column 104 represents columns [104, 1305]
Representative column 109 represents columns [109, 3136]
Representative column 121 represents columns [121, 124, 770, 2046, 2222, 2259, 2312, 2429, 2434, 2437, 3565, 4082, 4244, 5243, 5676, 5966, 6029, 7102, 7239, 7242, 7845, 7860]
Representative column 135 represents columns [135, 795, 1212, 2380, 2449, 5347, 5390, 7350]
Representative column 150 represents columns [150, 172]
Representative column 162 represents columns [162, 973, 1120]
Representative column 165 represents columns [165, 804, 2313]
Representative column 182 represents columns [182, 954]
Representative column 208 represents columns [208, 307, 4231]
Representative column 213 represents columns [213, 4229]
Representative column 216 represents columns [216, 239, 4232]
Representative column 233 represents columns [233, 308]
Representative column 250 represents columns [250, 964, 7173, 7192]
Representative column 254 represents columns [254, 2853]
Representative column 255 represents columns [255, 7191, 7209]
Representative column 256 represents columns [256, 395, 1140, 1525]
Representative column 259 represents columns [259, 766, 860, 875, 1511, 2182, 2727, 7848, 7861, 7906]
Representative column 261 represents columns [261, 393, 1519]
Representative column 264 represents columns [264, 523, 729, 732, 752, 754, 857, 892, 2264, 2382, 2403, 2569, 2878, 2907, 3068, 3111, 3122, 3179, 3186, 3464, 3494, 3528, 3552, 3820, 3953, 4276, 4324, 5075, 5237, 6135, 6170, 6209, 6568, 7088, 7094, 7304, 7307, 7349, 7357, 7379, 7803]
Representative column 269 represents columns [269, 426, 1282, 1285, 1951]
Representative column 300 represents columns [300, 309]
Representative column 318 represents columns [318, 2062, 2327, 7351, 7396, 7901]
Representative column 322 represents columns [322, 355, 816, 918, 2054, 2071, 2075, 7459]
Representative column 330 represents columns [330, 364, 805, 4791]
Representative column 333 represents columns [333, 367, 911, 1352, 2049, 2548, 3929, 5381, 5394]
Representative column 335 represents columns [335, 370, 831, 926]
Representative column 342 represents columns [342, 373]
Representative column 344 represents columns [344, 375]
Representative column 345 represents columns [345, 376, 3956, 6631, 6660, 6855]
Representative column 346 represents columns [346, 377]
Representative column 347 represents columns [347, 378]
Representative column 349 represents columns [349, 380, 2545, 5378, 5392]
Representative column 391 represents columns [391, 421]
Representative column 401 represents columns [401, 876, 2726]
Representative column 405 represents columns [405, 6095, 6716]
Representative column 408 represents columns [408, 2069, 2344, 2350, 2362, 2369, 2424, 2527, 4319, 5532, 6092, 6715]
Representative column 469 represents columns [469, 480]
Representative column 470 represents columns [470, 481]
Representative column 497 represents columns [497, 503, 4617]
Representative column 515 represents columns [515, 787, 2425, 2716, 2787, 4629, 5653, 6820, 7253, 7267]
Representative column 518 represents columns [518, 1197, 2317]
Representative column 522 represents columns [522, 753, 891, 1070, 4211]
Representative column 724 represents columns [724, 3496]
Representative column 746 represents columns [746, 767, 1262, 1507, 1760, 2087, 2183, 2454, 2565, 4327, 7366]
Representative column 759 represents columns [759, 842, 966, 1067, 2325, 4602, 5253, 5377, 7213, 7278, 7372]
Representative column 761 represents columns [761, 992, 2589, 4037]
Representative column 773 represents columns [773, 2018, 6819, 6958]
Representative column 774 represents columns [774, 2450, 5444, 5484, 6821, 7149]
Representative column 792 represents columns [792, 996, 3017, 3035, 3498]
Representative column 796 represents columns [796, 7353]
Representative column 802 represents columns [802, 854]
Representative column 833 represents columns [833, 845, 2374, 2431, 5171]
Representative column 834 represents columns [834, 839, 1211, 2375, 2379, 2596, 4255, 4514, 5252, 5356, 5844]
Representative column 835 represents columns [835, 2377]
Representative column 847 represents columns [847, 2433, 5172]
Representative column 861 represents columns [861, 1608, 7907]
Representative column 884 represents columns [884, 4281]
Representative column 899 represents columns [899, 4246, 5250]
Representative column 900 represents columns [900, 3568, 4247, 4786, 5169, 5251]
Representative column 901 represents columns [901, 5438, 7150]
Representative column 912 represents columns [912, 2330, 3977, 3997]
Representative column 915 represents columns [915, 2332]
Representative column 921 represents columns [921, 3923, 3958, 3974]
Representative column 936 represents columns [936, 7364]
Representative column 953 represents columns [953, 972, 1116, 1304, 2274, 3556, 5412, 6311, 6368, 6428]
Representative column 957 represents columns [957, 976]
Representative column 1032 represents columns [1032, 6776]
Representative column 1039 represents columns [1039, 1772]
Representative column 1055 represents columns [1055, 1368, 4032, 6254]
Representative column 1064 represents columns [1064, 2463, 4354, 7223]
Representative column 1101 represents columns [1101, 2854]
Representative column 1106 represents columns [1106, 1180, 2557, 4526, 4586]
Representative column 1114 represents columns [1114, 4185]
Representative column 1145 represents columns [1145, 1294]
Representative column 1183 represents columns [1183, 1208, 3015, 3034, 3045, 4633]
Representative column 1207 represents columns [1207, 6791]
Representative column 1241 represents columns [1241, 7225]
Representative column 1331 represents columns [1331, 1607, 1835, 2059, 7537, 7898]
Representative column 1378 represents columns [1378, 7090]
Representative column 1425 represents columns [1425, 1430, 3668, 3735]
Representative column 1433 represents columns [1433, 6067]
Representative column 1587 represents columns [1587, 2553]
Representative column 1712 represents columns [1712, 1826, 1914, 2032, 2178, 4531]
Representative column 1715 represents columns [1715, 1938]
Representative column 1917 represents columns [1917, 7352]
Representative column 2019 represents columns [2019, 6959]
Representative column 2035 represents columns [2035, 2109]
Representative column 2066 represents columns [2066, 2339, 2345, 2356, 2363, 2370, 2422, 2525, 4318, 5530]
Representative column 2078 represents columns [2078, 2720, 3569, 3789, 5608, 7902]
Representative column 2091 represents columns [2091, 2790, 3905, 3913, 3920, 3954, 3966, 3973, 5255, 5576]
Representative column 2092 represents columns [2092, 3904]
Representative column 2237 represents columns [2237, 5762, 5772, 5775, 5834, 5838, 5866, 5925, 5994, 6622, 6941]
Representative column 2314 represents columns [2314, 4824]
Representative column 2322 represents columns [2322, 5472]
Representative column 2334 represents columns [2334, 2871, 2904, 5431, 5674, 5696, 5748, 5963, 5993, 7055, 7061]
Representative column 2335 represents columns [2335, 5432, 7053, 7059, 7068]
Representative column 2414 represents columns [2414, 3814, 4220]
Representative column 2436 represents columns [2436, 2439, 5749, 7896]
Representative column 2447 represents columns [2447, 2496, 3906, 3914, 4590]
Representative column 2517 represents columns [2517, 7091]
Representative column 2528 represents columns [2528, 7112]
Representative column 2529 represents columns [2529, 5256, 7113]
Representative column 2563 represents columns [2563, 7549]
Representative column 2582 represents columns [2582, 2626]
Representative column 2624 represents columns [2624, 5761, 5770, 5836, 5932]
Representative column 2625 represents columns [2625, 4336]
Representative column 2722 represents columns [2722, 3573]
Representative column 2766 represents columns [2766, 7227]
Representative column 2889 represents columns [2889, 5709, 5722, 7058]
Representative column 3026 represents columns [3026, 3046]
Representative column 3065 represents columns [3065, 6027, 6064, 7070]
Representative column 3079 represents columns [3079, 5629]
Representative column 3145 represents columns [3145, 7853]
Representative column 3147 represents columns [3147, 6028, 7855, 7864]
Representative column 3155 represents columns [3155, 3767, 7471, 7475, 7847, 7871]
Representative column 3344 represents columns [3344, 6449]
Representative column 3584 represents columns [3584, 3587]
Representative column 3604 represents columns [3604, 7897]
Representative column 3607 represents columns [3607, 7800]
Representative column 3609 represents columns [3609, 3631]
Representative column 3610 represents columns [3610, 3632]
Representative column 3615 represents columns [3615, 3636, 4549, 5663]
Representative column 3618 represents columns [3618, 3637]
Representative column 3621 represents columns [3621, 7796, 7859]
Representative column 3671 represents columns [3671, 6727]
Representative column 3728 represents columns [3728, 7474]
Representative column 3863 represents columns [3863, 4259]
Representative column 3864 represents columns [3864, 4261]
Representative column 3912 represents columns [3912, 3919, 3932]
Representative column 3969 represents columns [3969, 3976]
Representative column 3993 represents columns [3993, 4000]
Representative column 4081 represents columns [4081, 4270]
Representative column 4091 represents columns [4091, 7509]
Representative column 4093 represents columns [4093, 4139, 7511]
Representative column 4095 represents columns [4095, 4141, 7513]
Representative column 4098 represents columns [4098, 4144, 7516]
Representative column 4218 represents columns [4218, 4292, 4299]
Representative column 4219 represents columns [4219, 4284, 4317]
Representative column 4267 represents columns [4267, 4376, 4775]
Representative column 4272 represents columns [4272, 4460]
Representative column 4355 represents columns [4355, 5580]
Representative column 4464 represents columns [4464, 4507]
Representative column 4469 represents columns [4469, 4511]
Representative column 4513 represents columns [4513, 7536]
Representative column 4550 represents columns [4550, 4638, 5245, 6583, 6600, 6651, 6681, 6996, 7042, 7062, 7071, 7104, 7374, 7391]
Representative column 4553 represents columns [4553, 4642]
Representative column 4555 represents columns [4555, 4643]
Representative column 4569 represents columns [4569, 4658, 6587, 6604, 6652, 7007, 7045, 7063, 7108, 7377, 7394]
Representative column 4787 represents columns [4787, 7874]
Representative column 5193 represents columns [5193, 7367]
Representative column 5247 represents columns [5247, 7072]
Representative column 5340 represents columns [5340, 5664, 7880]
Representative column 5358 represents columns [5358, 5363]
Representative column 5360 represents columns [5360, 5365]
Representative column 5631 represents columns [5631, 5652]
Representative column 5651 represents columns [5651, 5767, 7230]
Representative column 5703 represents columns [5703, 7056]
Representative column 5755 represents columns [5755, 5930, 6624]
Representative column 5756 represents columns [5756, 5845, 5929, 6625]
Representative column 5763 represents columns [5763, 5771, 5839]
Representative column 5768 represents columns [5768, 7231]
Representative column 5776 represents columns [5776, 5835]
Representative column 6357 represents columns [6357, 6445]
Representative column 6360 represents columns [6360, 6448]
Representative column 6493 represents columns [6493, 6528, 6563, 7281, 7452]
Representative column 6495 represents columns [6495, 7456]
Representative column 6558 represents columns [6558, 7457]
Representative column 6585 represents columns [6585, 6602]
Representative column 6586 represents columns [6586, 6603]
Representative column 6630 represents columns [6630, 6945]
Representative column 6634 represents columns [6634, 6663]
Representative column 6641 represents columns [6641, 6670]
Representative column 6645 represents columns [6645, 6674]
Representative column 6653 represents columns [6653, 7065]
Representative column 6659 represents columns [6659, 6713]
Representative column 6763 represents columns [6763, 7440]
Representative column 6801 represents columns [6801, 6906]
Representative column 6995 represents columns [6995, 7103]
Representative column 7252 represents columns [7252, 7544]
Representative column 7266 represents columns [7266, 7275]
Representative column 7375 represents columns [7375, 7392]
Representative column 7376 represents columns [7376, 7393]
Representative column 7464 represents columns [7464, 7492]
Representative column 7481 represents columns [7481, 7553]

 🔍 Comparing columns for Hamming similarity...
🔢 Total Columns: 7908
📊 Number of Similarity Groups Found: 205
🔁 Total Grouped Columns: 7007
🔓 Ungrouped Columns: 901
✅ Final Feature Count After Reduction: 1106
 📊 Group size bar plot saved to: /storage/home/yqf5148/work/volvoPennState/code/similar_column_group_sizes(95% similarity threshold).png
 📈 Group size histogram saved to: /storage/home/yqf5148/work/volvoPennState/code/group_size_histogram(95% similarity threshold).png
 🔄 Re-applying PCA on reduced features...
 ✅ PCA complete.
 🔄 Converting non-selected Spark DataFrame to Pandas...
 ✅ Final dataset shape after concatenation: (322178, 410)
 ✅ Final dataset saved to: /storage/home/yqf5148/work/volvoPennState/data/dataset/final_features_with_pca(95% similarity threshold).csv